gene	region	logFC_DEG	logCPM_DEG	LR	PValue_DEG	padj	logFC_DTR	logCPM_DTR	F	PValue_DTR	FDR	DTR_direction
HELPU_001875	jcf7180000417119_79501_79700	-1.9378940156418	5.86591450011406	17.4982260795246	2.87575880224435e-05	0.00203090250586427	3.74468383229608	3.72722416933805	44.1987067179646	1.7769547441627e-06	0.00458529564420081	DTR_Mup
HELPU_002217	jcf7180000347142_86201_86300	-1.066883408343	5.13725585422686	9.54813892463977	0.00200152250809018	0.0455596560904028	8.35286086971661	2.43342617130509	26.4158547168928	4.96407148370094e-05	0.0180692557655124	DTR_Mup
HELPU_002306	jcf7180000347200_173901_174200	3.15969790024233	1.92416123621932	11.7138627426661	0.0006203621226058	0.0207069548419276	1.85619561783928	4.02381023736138	16.7590308456166	0.000563267903342241	0.0454849551030753	DTR_Mup
HELPU_003360	jcf7180000392949_206101_206300	-2.30465813391712	1.22098216947283	10.3703367268282	0.00128056189519823	0.0336332193916727	2.37913971485828	1.87884403484256	26.7173684822077	4.62872107891057e-05	0.0178754526032636	DTR_Mup
HELPU_004629	jcf7180000413241_27801_28000	1.18821625369914	1.96940409985766	10.4797131868691	0.00120692491558696	0.0321108643531731	5.6316701707444	0.189701577131565	64.9257872064858	1.02273511028306e-07	0.00162743860796137	DTR_Mup
HELPU_005561	jcf7180000415699_117301_117600	-1.79238592811454	4.38335706211386	10.4878205311459	0.0012016403496847	0.0320230426975503	3.39202118149519	1.77711812817917	20.2787201070236	0.000216317701267961	0.0305109083114763	DTR_Mup
HELPU_005864	jcf7180000396624_86201_86400	1.42108321835569	3.03184384881162	17.8731573603653	2.36128260593751e-05	0.00172763663521026	-2.67262834020513	0.812291156581384	19.6130830638838	0.00025739686331398	0.0330607225867414	DTR_Mdw
HELPU_006470	jcf7180000417423_127401_127600	2.29680904634964	4.47828216664847	52.6641228825415	3.95754817530278e-13	2.49462527096297e-10	3.53079239802774	-0.0676645632906233	26.0676296208149	5.35017885530495e-05	0.0185801017635993	DTR_Mup
HELPU_007115	jcf7180000348863_32201_32400	2.15054710348476	2.00143735702674	14.8360781133453	0.000117270497762171	0.00600608183695069	2.13371055133354	2.84034083151817	23.9973737178043	8.62553632510097e-05	0.0218644511442328	DTR_Mup
HELPU_007292	jcf7180000350331_100101_100300	-3.11972118601142	5.59549311414951	11.8101713454469	0.000589080108945022	0.0199060492896906	3.41158296115824	0.65452387015531	16.4983822426552	0.000607017246909378	0.0468137127034229	DTR_Mup
HELPU_008240	jcf7180000417494_120501_120600	-1.31415673751395	4.34290503253346	23.4618344460367	1.27416502310126e-06	0.000171166316095136	-3.51695340577601	3.19644541179535	18.4949138756297	0.000347203141837429	0.0375276808705922	DTR_Mdw
HELPU_008650	jcf7180000351356_70701_71400	-2.21660114903491	4.14817402016516	9.8267367249485	0.00171993222665531	0.040970885556183	2.8214398437252	2.8965205848796	19.9639707245339	0.000234762769941521	0.031763059001436	DTR_Mup
HELPU_008976	jcf7180000350306_83701_84500	-4.82951583209006	4.00123372858062	21.6322624530466	3.30249867998669e-06	0.000375865631015986	5.1787576960987	2.62873338799161	16.6972451244118	0.000573314320588611	0.0459069922620189	DTR_Mup
HELPU_010442	jcf7180000348976_47001_47200	-1.63555543970474	3.52817950380694	12.5452891166174	0.000397206405560608	0.0148966036172375	-4.10325218733695	3.85781650680644	17.6849431266935	0.000433829237919964	0.0411745208516346	DTR_Mdw
HELPU_010472	jcf7180000420468_61701_62100	-2.56306671638293	3.61962872144711	9.86557752247853	0.00168399807531507	0.0404085570370991	1.30126433796546	4.85678225615693	16.1279470497257	0.000674670195496921	0.0487373922031769	DTR_Mup
HELPU_010949	jcf7180000392563_174201_174900	-6.70495766265853	9.49808262561168	30.1396918181068	4.02018347886768e-08	9.02558726509074e-06	-1.63703703766564	3.59286053285079	18.3391703514055	0.000361826792329998	0.0380156469190847	DTR_Mdw
HELPU_010949	jcf7180000392563_175001_175300	-6.70495766265853	9.49808262561168	30.1396918181068	4.02018347886768e-08	9.02558726509074e-06	-2.98126219565492	0.223265420686515	24.1504072522162	8.30977770133159e-05	0.0216360278470692	DTR_Mdw
HELPU_011369	jcf7180000416155_96701_96900	-6.49843554088554	5.82996314639956	31.8018916575211	1.70726385240252e-08	4.23944655712497e-06	-2.3025635042745	1.66732762539774	18.67077582533	0.000331033730914469	0.0367263725851591	DTR_Mdw
HELPU_011935	jcf7180000347608_17301_17500	-1.51089151776428	7.82823104658621	18.783488408259	1.4642936351423e-05	0.00118803506863104	2.18736534265229	1.49478617731092	20.5439482394855	0.000201717549692339	0.0299519712834255	DTR_Mup
HELPU_011936	jcf7180000347608_31801_32000	-9.89994990805261	8.24164358222764	38.1025952010491	6.71207968985066e-10	2.66835046486522e-07	-2.67493144306168	2.06017230142088	20.8589295492057	0.000186361994034309	0.0290471915329759	DTR_Mdw
HELPU_012514	jcf7180000421143_147101_147800	-1.65096785902575	3.12313752163784	17.1587216163254	3.43827080125461e-05	0.00229999265966375	-2.80056382782915	1.92013965409751	16.1758281225367	0.000666434140870239	0.048447901438335	DTR_Mdw
HELPU_012627	jcf7180000353788_9101_9300	3.54761362844495	4.5317185149899	9.83465428818456	0.0017125446597273	0.0408542859217914	-2.8118601893895	1.95932562548441	24.6186339809842	7.46950063480106e-05	0.0209341160305691	DTR_Mdw
HELPU_013799	jcf7180000349930_74901_75200	-2.09965271786004	3.5120300309305	10.2856978472285	0.00134065306101866	0.0346015165622595	-1.65388873898561	4.31935475584144	21.0487676120394	0.000177170329906486	0.0283657719866546	DTR_Mdw
HELPU_013926	jcf7180000380997_10001_10200	1.07358599152195	6.74250886054259	41.1394888911414	1.41743470669573e-10	6.27846956973956e-08	2.71438411302219	1.18566671522816	38.3908138613574	4.66472352086432e-06	0.00694211632960604	DTR_Mup
HELPU_014211	jcf7180000355406_57201_57300	1.76379178389951	3.90991736325325	14.2359520948628	0.000161260029749342	0.00759451329759184	5.2408619552494	1.0533968891399	35.9674735307813	2.42076120101414e-05	0.0139511341755106	DTR_Mup
HELPU_014534	jcf7180000359918_75301_75500	-2.10264526565284	2.29676304221973	13.4464073390005	0.000245475809803276	0.0103421672155935	-5.84728995022927	1.12578867911423	36.0816783486291	7.08449490677257e-06	0.00821534665045404	DTR_Mdw
HELPU_014534	jcf7180000359918_80101_80300	-2.10264526565284	2.29676304221973	13.4464073390005	0.000245475809803276	0.0103421672155935	-4.73066350947249	2.18353403199707	21.9897580641781	0.000140271791896694	0.0260662034934505	DTR_Mdw
HELPU_014749	jcf7180000413722_49401_49700	-4.7061302837723	2.32035358774435	22.4487809495824	2.15822423903927e-06	0.000263963709355333	-2.4743876348909	1.007576090942	18.6413947437227	0.000333676309949955	0.0367785845247326	DTR_Mdw
HELPU_014954	jcf7180000414400_7501_8000	-0.784847980737209	5.39928606108972	11.6655166778387	0.000636692583841209	0.0209954824075927	3.0967681433277	3.39590259088013	22.3649140845976	0.000127884626011967	0.0250302385823305	DTR_Mup
HELPU_016521	jcf7180000358478_28301_28900	6.99882029729248	6.49300952118352	22.6796527701203	1.91383767799952e-06	0.000237620346247986	3.81915743722343	3.79634018281076	57.7652604630699	2.52038818614315e-07	0.00200529785275673	DTR_Mup
HELPU_016740	jcf7180000349716_6601_6800	-3.00721551530108	7.54503700393781	31.6270675782896	1.86807574429495e-08	4.56953632436567e-06	2.78021414548028	0.554982801827473	17.6305827472943	0.000440280099830459	0.0415102396820734	DTR_Mup
HELPU_016885	jcf7180000347730_70401_70700	-2.24793397075045	3.93253131985909	60.2433067212161	8.38274022310322e-15	6.54212997697327e-12	2.07424103841096	1.34998403158979	18.2801767373864	0.000367426622125084	0.0382416079561851	DTR_Mup
HELPU_017141	jcf7180000349573_34101_34600	-1.71142108327107	5.24782871357923	15.5736388712111	7.93532506923909e-05	0.00439365008647836	-2.8419008227364	3.27922512868012	27.8108744653697	3.65604523945648e-05	0.0164394045494788	DTR_Mdw
HELPU_017437	jcf7180000416257_17001_17300	1.44288628277969	4.5798283730199	27.5571895366814	1.52517387173602e-07	2.84046302089564e-05	7.1779106710296	0.218586120303068	16.2167453637628	0.000718110053806643	0.049992936039291	DTR_Mup
HELPU_017477	jcf7180000352596_13701_14100	10.6198022699896	2.45681825776729	172.807756233995	1.80282328964455e-39	7.38661772349613e-36	3.36945960508084	1.89698949702202	61.9403287907441	1.47124883930846e-07	0.00188922139629123	DTR_Mup
HELPU_017920	jcf7180000420544_110201_110400	1.55889442814154	6.70004126937999	10.3012576132613	0.00132939579021105	0.0344738411483686	2.21192817723958	1.4781174224662	17.5468078655461	0.000450860240877697	0.0418194774008666	DTR_Mup
HELPU_018016	jcf7180000354622_45901_46300	-4.49463497482135	1.0242942459355	17.4040692014984	3.02178361409679e-05	0.00208084082569044	3.81418954497651	0.950686750988772	32.2765963279709	1.45739433319573e-05	0.0111366267510096	DTR_Mup
HELPU_018097	jcf7180000394367_15701_15800	-1.3248521505785	4.32217190467202	9.87848863798697	0.00167222237578801	0.0403030184070438	6.59899990306981	-0.286299701264805	24.4879104191712	0.00012094036575312	0.0247079787029735	DTR_Mup
HELPU_018203	jcf7180000353182_9901_10800	-2.24702642943413	0.473388227157704	10.9170375995473	0.000952838552621212	0.028130839620303	-3.0076339139261	2.66318090829995	20.1205202735335	0.000225380507554776	0.0311165498222666	DTR_Mdw
HELPU_018416	jcf7180000416228_20801_21400	-1.51516989546643	5.54369045052949	20.3026849066946	6.61077521807117e-06	0.000641088728100405	3.65727155742722	1.96751404070363	41.4602494742299	2.77401556451723e-06	0.00544214353491764	DTR_Mup
HELPU_018416	jcf7180000416228_18301_18500	-1.51516989546643	5.54369045052949	20.3026849066946	6.61077521807117e-06	0.000641088728100405	5.48563857306343	2.19025434893566	61.8267097252674	1.50245064447907e-07	0.00188922139629123	DTR_Mup
HELPU_018416	jcf7180000416228_25701_25900	-1.51516989546643	5.54369045052949	20.3026849066946	6.61077521807117e-06	0.000641088728100405	3.24885985053953	-0.243359853141018	17.5150097460226	0.000454048523586821	0.041884623660355	DTR_Mup
HELPU_018416	jcf7180000416228_18601_18700	-1.51516989546643	5.54369045052949	20.3026849066946	6.61077521807117e-06	0.000641088728100405	6.10505081365522	0.232995968615121	42.9049359761571	1.82905999831472e-05	0.012400305141019	DTR_Mup
HELPU_018416	jcf7180000416228_23401_23500	-1.51516989546643	5.54369045052949	20.3026849066946	6.61077521807117e-06	0.000641088728100405	4.20599716732403	-0.150281331587951	16.3617774611172	0.00063143504829815	0.0474635867389379	DTR_Mup
HELPU_018592	jcf7180000417487_17201_17900	6.38156527503962	0.912292064756656	19.9065258931465	8.13222580366875e-06	0.000744575691040934	6.59146107483409	2.81034264839018	42.0047266761122	2.53485289954158e-06	0.00533144684350682	DTR_Mup
HELPU_018599	jcf7180000421989_15301_15800	-2.43493128218968	5.14949283515651	9.46141259838021	0.00209839412775024	0.0470459389325564	-2.52208761647384	2.44710097948628	35.1518210557672	8.39595772840724e-06	0.00864919678249622	DTR_Mdw
HELPU_018732	jcf7180000421285_13601_14200	-6.71815330054442	2.59773073251236	77.6706401924791	1.21737504901111e-18	1.81377815256756e-15	-4.52942299144422	0.572351306493709	19.6453026662197	0.000255221257480932	0.0329735043376143	DTR_Mdw
HELPU_019086	jcf7180000378990_4301_4400	1.08289786250933	5.37597437774648	20.838562232693	4.99667212680087e-06	0.00052125185795644	2.84626975678815	0.66509453257397	20.7293859442705	0.000213967009451577	0.0304818672094741	DTR_Mup
HELPU_020266	jcf7180000348672_3501_3900	-1.68152124602894	1.51258631794725	10.07102912478	0.00150618879517966	0.0374581610989369	2.46850045211449	0.441341739492823	17.5862824107038	0.000445095675870479	0.0416853104666018	DTR_Mup
HELPU_020432	jcf7180000377623_1401_1900	-6.74331537450567	0.844422646317194	11.8841777715992	0.000566128120054666	0.0193297369991165	-3.46406744582801	3.13611197640165	20.3890820153819	0.000210233589964459	0.0303205319600957	DTR_Mdw
HELPU_020636	jcf7180000360665_2201_2900	-2.83836453002796	1.39681265991703	10.7160253479908	0.00106211583271606	0.0297555835596299	4.92387835253662	2.13216763365837	52.7072518791597	4.99584978155612e-07	0.00280577699094466	DTR_Mup
HELPU_020928	jcf7180000369175_26201_27100	3.13596762998001	0.400655626259383	26.5875950539482	2.51855681853355e-07	4.29964871864024e-05	1.66604118526692	3.67364977160262	23.0527203417207	0.000107910831802094	0.0237575525138958	DTR_Mup
HELPU_021296	jcf7180000420493_15601_15700	1.85560830559966	4.06678966898968	14.8443884545302	0.000116754921157372	0.00600608183695069	2.28842424192725	0.939358398773386	16.9992373532594	0.000525169481504401	0.0443516221356554	DTR_Mup
HELPU_021800	jcf7180000372809_12001_12100	5.21796416995374	0.238706239920308	11.7984331130221	0.000592805927422327	0.0199907332191863	-3.0255803875998	0.688486359714237	17.5847843291154	0.000446105631960548	0.0416853104666018	DTR_Mdw
HELPU_022499	jcf7180000367918_11801_12300	-5.13658176101899	1.00710020004489	40.2884141610527	2.19104488285302e-10	9.44974594344162e-08	-2.8639885302825	2.35120766347955	19.1346159307946	0.000292233978808865	0.0348610385770895	DTR_Mdw
HELPU_022499	jcf7180000367918_13601_13800	-5.13658176101899	1.00710020004489	40.2884141610527	2.19104488285302e-10	9.44974594344162e-08	-2.71906650095117	0.9426756375174	26.5672712815267	4.78532296080437e-05	0.0180348118380831	DTR_Mdw
HELPU_023075	jcf7180000353354_87701_88300	-6.96971899697712	1.74901151397217	20.0774399306417	7.43687768149063e-06	0.000692516979101988	3.57293354199872	3.24721281448716	39.1558725075946	4.1009119034465e-06	0.00648956847385895	DTR_Mup
HELPU_023175	jcf7180000361098_37501_37600	4.3946590179111	3.09984689135264	18.5974253776285	1.61438432584838e-05	0.00126593993858034	-3.0283190583156	2.18431871916412	21.4331117449987	0.000161160038317285	0.0272417351179658	DTR_Mdw
HELPU_023423	jcf7180000393636_35201_35500	-9.23733039647699	0.610086198632394	33.3609078338984	7.65472727196724e-09	2.06999866880504e-06	-2.29446485370883	3.37349508445479	17.0069644255502	0.000524864461390386	0.0443516221356554	DTR_Mdw
HELPU_023856	jcf7180000364393_3701_3900	3.38231442206488	2.81039689423508	34.7719537481321	3.7067506986257e-09	1.10454431272321e-06	-4.13247562512113	0.989347797470912	20.699383122171	0.000247166307363179	0.0326998170527082	DTR_Mdw
