gene	region	logFC_DEG	logCPM_DEG	LR	PValue_DEG	padj	logFC_DTR	logCPM_DTR	F	PValue_DTR	FDR	DTR_direction
HELPU_000263	jcf7180000417097_490101_490700	3.91737043257051	3.70754102110936	30.0638043300805	4.18061906760557e-08	6.02018847099495e-06	-1.47724282403631	1.97917780015252	17.5482605099885	0.000450135797731534	0.0117718735905318	DTR_Mdw
HELPU_000385	jcf7180000347130_61601_61700	-1.38081631709757	7.98680925187269	15.6964238881397	7.43646367383359e-05	0.00292269072303258	1.91399350039691	0.929788846705306	13.5526581067646	0.00147654450227767	0.0230071197455884	DTR_Mup
HELPU_000403	jcf7180000347130_281301_281800	-1.1736795871386	4.70562376863417	10.1108758254367	0.00147396900690685	0.0279270266522502	-1.55204763191166	1.01242186174337	15.4388233907663	0.0008265299276491	0.0164861063779073	DTR_Mdw
HELPU_000403	jcf7180000347130_280001_280200	-1.1736795871386	4.70562376863417	10.1108758254367	0.00147396900690685	0.0279270266522502	-5.2653692626716	0.0983510947507122	22.4231752074983	0.000386789412902589	0.0107790359184131	DTR_Mdw
HELPU_000424	jcf7180000347130_413301_413500	0.632357169247874	5.20273982261005	8.76603396284417	0.00306892048713822	0.0460998991133211	5.59074288117429	0.542363989195862	11.9642520220733	0.00299199807826512	0.0348577973006088	DTR_Mup
HELPU_000455	jcf7180000420429_53701_53800	-1.06045341960885	2.41998008778582	9.47171941484813	0.00208663702582062	0.0353649371418553	3.64266744515089	-0.256235526202515	17.9838501129549	0.000440240249351274	0.0116518844853943	DTR_Mup
HELPU_000455	jcf7180000420429_49901_50000	-1.06045341960885	2.41998008778582	9.47171941484813	0.00208663702582062	0.0353649371418553	6.82412807151884	1.8354250554594	19.087026073681	0.000368581324265684	0.0104722247930785	DTR_Mup
HELPU_000743	jcf7180000395598_180601_180800	3.25261229289057	1.98271874838261	15.9583226513536	6.47524582930629e-05	0.00264645396250625	1.64764028122886	0.88074307919954	12.5071618480368	0.00206528181342883	0.0279812910446516	DTR_Mup
HELPU_000826	jcf7180000347104_510101_510300	-1.02495040747515	4.14272884792804	8.77878411775612	0.00304754270718282	0.0459777729726148	1.47003126393621	1.74543612779854	26.3174283850516	5.05909917595713e-05	0.00340554812321868	DTR_Mup
HELPU_001021	jcf7180000421689_620901_621100	1.09328817240841	4.0551675003451	9.90137134928889	0.001651556546019	0.030008159903221	2.15763158925302	0.182941320392796	22.2730291328895	0.00013048141570025	0.0057666101612059	DTR_Mup
HELPU_001021	jcf7180000421689_619501_619600	1.09328817240841	4.0551675003451	9.90137134928889	0.001651556546019	0.030008159903221	3.76175898650409	-0.0461822001713477	13.372177791239	0.00156358202090109	0.0237832014092903	DTR_Mup
HELPU_001069	jcf7180000347144_430101_430200	-2.81167431770307	4.48182167611194	25.5113455326189	4.39789152085994e-07	4.62032334201112e-05	2.57905052254097	0.111895677548876	10.8762365284852	0.00358736418944162	0.0389595041589898	DTR_Mup
HELPU_001110	jcf7180000417101_527101_527300	-3.00757653395026	5.120249656257	17.1005314406235	3.54523831741418e-05	0.00165535358359262	-1.46996421849777	2.41120857002897	9.81478730649329	0.00523132953633355	0.0488920294026629	DTR_Mdw
HELPU_001157	jcf7180000413244_499901_500000	1.53997874664437	6.9448037988152	10.2544309505887	0.00136356688230003	0.0261680300164112	-2.48809873385083	0.384821907968783	10.640470732095	0.00389567781082024	0.0408412920768821	DTR_Mdw
HELPU_001158	jcf7180000413244_502901_503100	9.13081178470843	1.39550952524087	16.3904940796655	5.15430772192703e-05	0.00223097567940795	8.07626533139117	3.04930604642752	84.3423154293378	1.27834454659224e-08	3.64113712408261e-05	DTR_Mup
HELPU_001158	jcf7180000413244_503201_503400	9.13081178470843	1.39550952524087	16.3904940796655	5.15430772192703e-05	0.00223097567940795	7.86513552043446	0.102189869180113	81.1762692022252	6.86022950175715e-08	8.77212033705266e-05	DTR_Mup
HELPU_001238	jcf7180000392477_538401_538600	-1.78184790095234	2.58972506396085	10.9901894480115	0.000915954473757183	0.0196744139848053	-2.62999129101268	2.09432439066513	34.968348973536	8.70221549701768e-06	0.00127430954916374	DTR_Mdw
HELPU_001295	jcf7180000420478_82201_82400	1.72369184209646	5.43706983564521	14.782560270784	0.000120646115014207	0.00430223825923798	-1.48213084945632	0.42707664095319	11.6808893438233	0.00271935517543576	0.0329164454771667	DTR_Mdw
HELPU_001377	jcf7180000416160_33501_33600	1.63024357631969	5.65985906666887	11.2039822356561	0.000816219810860931	0.0182746263390708	-3.5230271618675	-0.404831102245268	12.2291098868013	0.00226618700605165	0.0295473937355406	DTR_Mdw
HELPU_001478	jcf7180000420486_236101_236300	1.83260233414482	3.68623264273879	11.4315398647426	0.000722078177428316	0.0167148859461478	3.08612962101627	1.4960293881827	10.4792309172014	0.00412343943526039	0.042270230565175	DTR_Mup
HELPU_001478	jcf7180000420486_244001_244200	1.83260233414482	3.68623264273879	11.4315398647426	0.000722078177428316	0.0167148859461478	-4.61843389988433	2.66084046792794	26.8338086344335	4.52488347571272e-05	0.00320486844534611	DTR_Mdw
HELPU_001570	jcf7180000420436_479401_479500	0.888773254151442	6.98075703953197	9.54098366323313	0.00200934027507111	0.0343748202172656	2.74570108369812	0.218087083430975	12.1412599654482	0.00233320234085537	0.0300786429194247	DTR_Mup
HELPU_001720	jcf7180000417110_409101_409300	-2.58720850788974	2.40519169708989	26.7975052870564	2.25928810854674e-07	2.57135227853976e-05	3.60492390303669	-0.541293443732073	14.941837501561	0.000959464635424614	0.0179349989532333	DTR_Mup
HELPU_001720	jcf7180000417110_410401_410500	-2.58720850788974	2.40519169708989	26.7975052870564	2.25928810854674e-07	2.57135227853976e-05	-4.86472738878349	2.16846697012665	22.6786672822462	0.000118448018165249	0.00545357828307633	DTR_Mdw
HELPU_001983	jcf7180000347170_234201_234600	2.16060944342997	6.1496163527674	35.488571218886	2.56551447059863e-09	5.8006542659212e-07	-1.76211037399914	2.46089827628083	12.8711897480195	0.00183643021251257	0.0261160417297721	DTR_Mdw
HELPU_001984	jcf7180000347170_238101_238400	-1.9366441281948	5.66359686296935	12.8987512488663	0.000328801432616737	0.0093554282624231	2.91015555060802	2.06605215442294	23.7609664277558	9.13388115976075e-05	0.00470165426342298	DTR_Mup
HELPU_002134	jcf7180000422221_130301_130600	1.03929429827685	3.56359546317974	11.1916355565552	0.000821668866263439	0.0183715293986241	-2.95989826675321	1.93922029597762	28.7453966847238	2.9942334064341e-05	0.00256085187191609	DTR_Mdw
HELPU_002146	jcf7180000422221_290001_290100	3.380224050008	1.57294889704753	28.3065031540113	1.03547533333564e-07	1.38867229729231e-05	3.3459992385801	-0.0537036706612182	18.1064699831082	0.000386025092764615	0.0107661157979835	DTR_Mup
HELPU_002147	jcf7180000422221_292801_293400	1.95439508905574	6.00694417697035	59.9492906456125	9.73330731905484e-15	7.2508715296359e-12	3.78245389834453	3.04398323060368	41.6027863149233	2.70909327513601e-06	0.000648077621963949	DTR_Mup
HELPU_002147	jcf7180000422221_295401_296100	1.95439508905574	6.00694417697035	59.9492906456125	9.73330731905484e-15	7.2508715296359e-12	3.01872064560071	2.53602921234505	39.5217257912929	3.85013862252402e-06	0.000809679629393309	DTR_Mup
HELPU_002260	jcf7180000347825_226701_227000	-3.73098037269785	0.618693532332082	13.187168795756	0.000281872415545188	0.00832361624931546	-2.09907986804939	3.67619726222957	10.6901852912248	0.0038282961775326	0.040465251651123	DTR_Mdw
HELPU_002357	jcf7180000416179_168601_168800	-0.77876890582012	4.69429136114163	14.869938508975	0.000115184032958475	0.00416722100696786	6.58022020137422	3.121064399473	16.5665026803607	0.000715831943388245	0.0152728012695828	DTR_Mup
HELPU_002449	jcf7180000417117_118501_118800	-4.81118518392753	2.05968077756471	19.8496894885392	8.37763401959845e-06	0.000518117146970562	1.93385900518092	0.527808626548536	19.6177652925962	0.000256536366541292	0.00856319481734734	DTR_Mup
HELPU_002522	jcf7180000417145_88701_88800	-1.13210137045694	3.76589865931581	18.7605596921105	1.48200465928764e-05	0.000823341503764917	-1.94651198309662	0.333110080455967	11.7689245753599	0.0026426598988087	0.0323667641681382	DTR_Mdw
HELPU_002618	jcf7180000417132_302001_302200	1.02962003839287	5.63697395679393	11.4389081303766	0.000719220416096853	0.016695897166305	-2.10112251075094	0.343043442002064	16.3384435046543	0.000635015130237049	0.0143171818882562	DTR_Mdw
HELPU_002810	jcf7180000421994_42501_42700	-2.10274100613311	5.95983139428632	51.4870720620948	7.20701245737547e-13	3.81018474722344e-10	-2.48737188845423	0.0332108853681215	16.6324302224162	0.000583060584548935	0.0136030214262929	DTR_Mdw
HELPU_002923	jcf7180000347571_135401_135500	1.17437796058815	7.79352998521148	13.4584166237961	0.000243909514142841	0.00749987434763043	-4.08639376260244	0.0494276975218525	19.0316873813862	0.0003003895967463	0.00935317004552878	DTR_Mdw
HELPU_002971	jcf7180000392797_56001_56300	3.45169429335491	2.14774469758168	11.3305239626028	0.000762433856136945	0.0174762635919278	4.55605631691083	0.884079890690887	32.355475825565	1.43497950984273e-05	0.00167488539554085	DTR_Mup
HELPU_002987	jcf7180000392797_236901_237200	3.1203040611886	5.37956260617035	28.1954915257829	1.09659703337277e-07	1.42635942697987e-05	-2.19651658562877	1.49374134160351	13.8464100395221	0.00134611521627338	0.0218486849352035	DTR_Mdw
HELPU_003128	jcf7180000348922_140401_140700	3.9978532746937	2.17848425203191	11.5139975032184	0.000690740731620389	0.0162383984456744	1.98800028168607	1.47879975135408	15.2872878371754	0.000866109193127891	0.0169181664481764	DTR_Mup
HELPU_003128	jcf7180000348922_141801_142300	3.9978532746937	2.17848425203191	11.5139975032184	0.000690740731620389	0.0162383984456744	1.39777440974271	4.83657240169079	10.7874071619865	0.00370023000749413	0.0396438261981709	DTR_Mup
HELPU_003132	jcf7180000348922_177301_177500	1.20076807647622	7.32717818187179	13.4392782552089	0.000246410402254925	0.0075430235598193	4.49280663254929	-0.317503068635098	17.4666738823551	0.000461077567115266	0.0119228511331436	DTR_Mup
HELPU_003592	jcf7180000396137_152901_153400	-2.06293483444726	11.4519358419161	21.8038766593136	3.01989347797149e-06	0.000232361662959976	-2.50076304795063	2.59360671734081	13.5796307514035	0.0014640034710234	0.0228954475672847	DTR_Mdw
HELPU_003632	jcf7180000347158_271901_272300	0.892428422911018	6.71014865492992	9.93951286403503	0.00161768352239245	0.0295714241352321	-1.8811923070801	0.834285055444503	18.1314877364801	0.000382717011685441	0.0107093088614719	DTR_Mdw
HELPU_003709	jcf7180000422180_276801_276900	2.89324076268654	1.75445556549192	9.83966131021926	0.00170788940752185	0.0306917060543411	5.37274739155539	1.12048486091046	11.3589928723572	0.00419466099368754	0.0427126511585531	DTR_Mup
HELPU_003999	jcf7180000417125_311001_311300	-0.918955078456837	7.24694779956948	15.4416736321558	8.5091001540576e-05	0.00325071427563753	-2.00778118651939	0.619722698638836	17.2502696268601	0.000489393814279734	0.0123238070718788	DTR_Mdw
HELPU_004071	jcf7180000347637_123901_124000	-0.704663212902571	4.87969920996438	13.8177013582603	0.000201429515214081	0.00647299671537957	5.43692326269103	0.97444415785288	14.038578517287	0.00175374916652788	0.0254446472125685	DTR_Mup
HELPU_004216	jcf7180000347900_207601_207800	-2.02734102971847	2.29399343541548	13.2109205528062	0.000278322635797396	0.00823712149758041	1.80588354255068	2.54973166224026	21.3977519871399	0.000162598351568005	0.00657618724153756	DTR_Mup
HELPU_004336	jcf7180000347490_26601_26900	2.29400011999719	6.18469974508232	21.5242007253085	3.4939148648177e-06	0.00025337066690043	-1.13768078818052	2.00682069464993	11.8866940573381	0.0025372993443925	0.0315668483714765	DTR_Mdw
HELPU_004354	jcf7180000417158_142901_143000	-1.39169461723976	4.25324132142957	19.3514969540508	1.08733973208997e-05	0.000628896740458995	2.99326088702989	-0.505409599862019	11.9881792719565	0.002967277920571	0.0346939360573315	DTR_Mup
HELPU_004395	jcf7180000393217_121201_121500	-0.700607056134035	5.6469624688649	10.8823984730134	0.000970824454871973	0.0203463452569012	-2.44377306783515	0.859542295774098	13.2417701734991	0.00163000362606137	0.0243978390782755	DTR_Mdw
HELPU_004403	jcf7180000393217_190601_190700	0.710159290948115	4.49735352274654	10.9369981809639	0.000942627680973998	0.0198825290392315	4.32932256217779	-0.309144970918482	18.3372836402162	0.000362439249026915	0.0103822769057938	DTR_Mup
HELPU_004761	jcf7180000420550_44401_44600	-0.826044363798356	6.16052122456855	12.6144988779122	0.000382766140054962	0.0105254266264443	-6.50147000012362	-0.665595055880011	13.4982925176549	0.00364506660447536	0.0393059819411213	DTR_Mdw
HELPU_004805	jcf7180000350538_8801_8900	0.931234631738988	4.74230792919664	10.5424843881476	0.00116661498534845	0.0230913683512992	-3.46018117891816	0.250691666836804	17.5236406006788	0.000453788212925772	0.0118182575435252	DTR_Mdw
HELPU_005185	jcf7180000413307_227701_228300	1.73280015347239	4.36279752113346	8.83101494408462	0.00296153631256722	0.0452498673574534	1.35516300037086	3.64043283182938	10.5539134066375	0.00401615852266583	0.041640100654707	DTR_Mup
HELPU_005280	jcf7180000396607_264001_266200	-2.69081605143672	4.36815267088301	9.9779507385891	0.0015842590541261	0.0291274154459831	-3.5055505224515	3.41925253876945	11.7365614643448	0.0026716354546235	0.032587877027572	DTR_Mdw
HELPU_005300	jcf7180000420437_58801_59200	-3.57484784474529	3.18071803060337	21.0255407889636	4.53201449077569e-06	0.000314725362242893	-2.58128430919658	2.09100689907109	15.2959342506118	0.000863872982911279	0.0168990948556433	DTR_Mdw
HELPU_005300	jcf7180000420437_59501_60300	-3.57484784474529	3.18071803060337	21.0255407889636	4.53201449077569e-06	0.000314725362242893	-1.16320706362559	2.42957013038771	11.5739609891006	0.0028206753876983	0.0336674413165088	DTR_Mdw
HELPU_005300	jcf7180000420437_57701_57900	-3.57484784474529	3.18071803060337	21.0255407889636	4.53201449077569e-06	0.000314725362242893	2.30307261811146	0.435614804037367	10.2118783842901	0.00453439360818461	0.0447636574760975	DTR_Mup
HELPU_005358	jcf7180000420469_168001_171000	-3.06916551619681	7.06872925071315	13.1483909485357	0.000287766255887137	0.00845197341887867	-3.52766197479261	6.27681258246754	14.8572484308215	0.000985832199655577	0.0182279361855754	DTR_Mdw
HELPU_005616	jcf7180000352621_55301_55500	0.759191641303374	4.31541560415928	10.001504108369	0.00156412423944498	0.0289427192970807	2.6184081939064	1.55236896544656	25.7636331463149	5.74627158337361e-05	0.00364456893447953	DTR_Mup
HELPU_005639	jcf7180000348581_128001_128200	-4.54667075124361	2.76929321097121	14.4044792624305	0.000147451158402353	0.00504539072894536	3.99191083128753	0.694998851729372	22.0001358437857	0.000139911851313609	0.00601237243691955	DTR_Mup
HELPU_005658	jcf7180000349183_142001_142100	-1.30089761071967	4.90680901810718	9.65238232091207	0.001891061755004	0.032899832870949	6.09076118364519	1.14940070601588	20.298427263264	0.000357688144978186	0.0103150066080182	DTR_Mup
HELPU_005678	jcf7180000367543_203401_203500	-1.83301507964622	3.54094830295286	13.0294348823041	0.000306633065199306	0.00886315574171328	2.32455944019653	2.87043012847572	28.1295987812823	3.41377691256089e-05	0.00274354062776116	DTR_Mup
HELPU_005678	jcf7180000367543_202501_202700	-1.83301507964622	3.54094830295286	13.0294348823041	0.000306633065199306	0.00886315574171328	2.07578344077993	3.45044729026361	10.6311930712907	0.00390839763813755	0.0409178190101548	DTR_Mup
HELPU_005757	jcf7180000347163_240601_240700	1.22017286935701	3.73227158565384	8.63455376102605	0.00329846025474032	0.0483096202993201	5.5920212629515	-0.0879608153868507	51.3965166859436	3.1749771388448e-06	0.000709021404501012	DTR_Mup
HELPU_005782	jcf7180000347055_132901_133400	2.13823960067338	4.22718594506244	8.9215623956869	0.00281823312399745	0.0437018239981303	-2.68025436849303	3.17062656543272	31.6542002211717	1.64840655548058e-05	0.00180162048371969	DTR_Mdw
HELPU_005866	jcf7180000417148_126801_127000	-1.50823153685411	7.07060710929719	11.8821773410557	0.000566736490420405	0.0141053229261345	6.65037477098543	1.64476417359379	16.2212242535735	0.00109145354666747	0.0193251901280966	DTR_Mup
HELPU_006045	jcf7180000417195_147101_147500	-1.47495917864193	6.85692550526917	11.7786034462076	0.000599154173777887	0.0146999068174338	-2.75510957023138	3.63084333617996	49.2323424745908	8.22721742276123e-07	0.000331901014753413	DTR_Mdw
HELPU_006045	jcf7180000417195_140801_141200	-1.47495917864193	6.85692550526917	11.7786034462076	0.000599154173777887	0.0146999068174338	2.5534655299204	2.50934395460388	19.6038508586568	0.000258024026689079	0.00858782938093297	DTR_Mup
HELPU_006140	jcf7180000347850_202201_204200	-3.89308462893671	3.99162478715712	28.2340921994913	1.07494445786107e-07	1.40938117759081e-05	-2.72164980018829	1.64561053789553	11.7001030992231	0.00270470007024629	0.0328342509522741	DTR_Mdw
HELPU_006155	jcf7180000348061_23101_23300	2.35771278310975	3.6403159654839	15.2425782011353	9.45475628295327e-05	0.00356216093612233	6.90364569326747	2.79463420228246	24.3082169081543	0.000107391791729416	0.00515414020269459	DTR_Mup
HELPU_006504	jcf7180000421140_11801_12000	-0.685665649922808	7.51841771938775	9.49418154678392	0.00206124510206445	0.0350796946809286	-6.76403973944834	-0.0399067762972737	11.962955387594	0.00349785287584246	0.0383567957759927	DTR_Mdw
HELPU_006831	jcf7180000392690_6101_6300	-4.95909824508309	2.54128263148327	79.9554077175778	3.82955618538506e-19	5.23021636018965e-16	-2.7090938325747	2.18008208957836	35.4558812767071	7.94853959480796e-06	0.001205958363504	DTR_Mdw
HELPU_006833	jcf7180000392690_24801_24900	-1.50894996461589	4.33348005138971	17.3010935306787	3.19003221478092e-05	0.00152424017399546	-1.17211748340135	0.823121715817487	10.1787237677143	0.00458432838616744	0.0450485599926163	DTR_Mdw
HELPU_006894	jcf7180000417184_99101_99300	0.736786472097437	5.12106381927524	13.2101254032967	0.000278440741330133	0.00823712149758041	3.09914823675873	-0.406048990334185	12.3077639749011	0.00234579720565185	0.0301663060058644	DTR_Mup
HELPU_006918	jcf7180000421895_17601_18100	-2.45556793469698	3.45895488249113	9.75821373756169	0.0017852328578397	0.0317342551451516	1.96839155126706	2.13233199374873	13.9224856635399	0.00131445125849107	0.0215279310711831	DTR_Mup
HELPU_006918	jcf7180000421895_17001_17200	-2.45556793469698	3.45895488249113	9.75821373756169	0.0017852328578397	0.0317342551451516	3.40762261485995	2.66644043304976	11.8308721861868	0.00258816279965456	0.0319538158820993	DTR_Mup
HELPU_006925	jcf7180000421895_113601_113900	-2.96734128865565	5.2703155897683	23.9732109728378	9.76854745131854e-07	9.0964047829352e-05	-0.899584171800611	2.25007987883883	10.8174255203553	0.00365807686973165	0.0393795611518257	DTR_Mdw
HELPU_007025	jcf7180000392722_12801_12900	-2.5295338743995	2.24786142673101	8.54726160496449	0.00346042397989881	0.0498164940124109	4.07860540895906	-0.179392213958932	27.4849905950369	6.57345400236923e-05	0.00392334800903649	DTR_Mup
HELPU_007025	jcf7180000392722_10101_10200	-2.5295338743995	2.24786142673101	8.54726160496449	0.00346042397989881	0.0498164940124109	1.33509171000036	1.39805647598001	9.75343958727579	0.00534925718705825	0.0495800306869085	DTR_Mup
HELPU_007141	jcf7180000392957_28101_28300	-6.17181014491734	1.35293649275245	20.0164323645521	7.67795232339271e-06	0.000483976771646474	-3.79821462107377	2.75539848623076	17.6432204601811	0.000438897245609795	0.0116256779046148	DTR_Mdw
HELPU_007293	jcf7180000350331_124201_124500	-4.72289583026171	3.75984329077813	18.1568971037923	2.03431309662753e-05	0.00106860119681502	-1.78554222177687	1.39799230754726	16.5441248974701	0.000598662180704396	0.0138240093866993	DTR_Mdw
HELPU_007303	jcf7180000392660_90301_90900	-7.21291245068326	6.78113506514454	30.0605809703667	4.1875738952555e-08	6.02018847099495e-06	0.836361125306493	3.724748637449	11.87975632419	0.00254321181025277	0.0316033225519059	DTR_Mup
HELPU_007303	jcf7180000392660_89601_89800	-7.21291245068326	6.78113506514454	30.0605809703667	4.1875738952555e-08	6.02018847099495e-06	2.0452710706876	2.40986543212471	16.2091995473439	0.00065999840734305	0.014637785687694	DTR_Mup
HELPU_007320	jcf7180000417492_21301_21800	-4.3646027335904	2.94418673416012	13.6861891296142	0.000216037423330381	0.00687502394361479	-1.81579702647308	2.57976211133049	20.0068950490616	0.000232148091969409	0.008097832920291	DTR_Mdw
HELPU_007558	jcf7180000417302_169501_169700	3.20977735831798	5.12143076637968	22.0007889075645	2.72538419707653e-06	0.000216826803912074	1.65086811136952	1.44680065680562	12.6641364124694	0.00196425873377073	0.0271716766317854	DTR_Mup
HELPU_007673	jcf7180000348756_140701_141000	-4.49705533091092	3.91618958437939	9.64854377736849	0.00189501752579022	0.032899832870949	1.83318217253814	1.61630831314584	12.5317357079975	0.00205114928161503	0.0278794920175175	DTR_Mup
HELPU_007673	jcf7180000348756_139801_140200	-4.49705533091092	3.91618958437939	9.64854377736849	0.00189501752579022	0.032899832870949	-1.48519655185977	1.7003428961398	16.3946176287247	0.000624409713861294	0.0141790810702216	DTR_Mdw
HELPU_007888	jcf7180000393169_76201_76800	-1.42105462210886	3.92819606399407	9.35933659994255	0.00221852430459627	0.0367668690501389	-1.53805093120002	1.61981746854801	13.6564657899528	0.00142892003818234	0.0225546567768613	DTR_Mdw
HELPU_007932	jcf7180000353917_25801_26100	0.544338170086031	6.27029460772522	9.86278678535575	0.00168655441497615	0.0304415642148064	-2.60820350295508	0.287655484628126	11.9951782680856	0.00244955384225334	0.0309341897788941	DTR_Mdw
HELPU_007972	jcf7180000349946_125301_125800	-1.30903370394173	6.56427736374194	12.0286700375612	0.000523884436665138	0.013457589392641	-3.38686256872066	3.05781491987679	38.2170929794033	4.83066585901427e-06	0.000927374498941708	DTR_Mdw
HELPU_007972	jcf7180000349946_123401_123600	-1.30903370394173	6.56427736374194	12.0286700375612	0.000523884436665138	0.013457589392641	2.22792423235871	0.668771920433406	12.7802142171153	0.00189142499453628	0.0265579286685643	DTR_Mup
HELPU_007986	jcf7180000348113_215201_215500	-6.31209344959797	2.37904525543441	47.528545325538	5.42088050807265e-12	2.46785585130008e-09	-2.029908761995	1.35463058272265	23.0377958209344	0.000108577729312478	0.00518936124423695	DTR_Mdw
HELPU_007986	jcf7180000348113_214201_214900	-6.31209344959797	2.37904525543441	47.528545325538	5.42088050807265e-12	2.46785585130008e-09	-1.75181524280788	3.68264033539278	29.2507284739463	2.6872437820252e-05	0.00238666410776475	DTR_Mdw
HELPU_008354	jcf7180000349360_17301_17400	0.546239435719901	5.89706117468446	10.683420616128	0.00108099987401424	0.0218722307842214	5.26046672170481	0.0596625724008343	15.5278011802609	0.000806221930236744	0.0162542231971146	DTR_Mup
HELPU_008447	jcf7180000355154_79101_79400	0.819796993341356	5.89237353623366	16.2876618814394	5.44171247049233e-05	0.00233466559368845	2.06225255596931	1.32248656239165	14.3461624285372	0.00115250847685717	0.0199384678225134	DTR_Mup
HELPU_008465	jcf7180000350329_38801_38900	-5.11607179343604	2.11473964777818	30.2467732810602	3.80423612307955e-08	5.66796598374097e-06	3.49024835241093	-0.214018196316271	10.1199561859125	0.00516244818820387	0.0484717282365804	DTR_Mup
HELPU_008725	jcf7180000349138_145101_145200	-1.835122812033	6.68824256949953	32.1035618552665	1.46169083668549e-08	2.54847352366366e-06	-6.14947427824515	-0.616862749814209	16.967767630383	0.00120238493260467	0.0204513744315383	DTR_Mdw
HELPU_008737	jcf7180000421883_33101_33400	-12.2042453969035	6.80409100694484	100.418243450729	1.23386349526448e-23	2.02217888238895e-20	3.47224404885462	0.847739258061985	43.0231389784066	2.14182685913708e-06	0.000566090224088154	DTR_Mup
HELPU_008737	jcf7180000421883_34201_34400	-12.2042453969035	6.80409100694484	100.418243450729	1.23386349526448e-23	2.02217888238895e-20	2.31115710112227	0.714520444985445	11.8628944776824	0.00256048101604106	0.0317365179123615	DTR_Mup
HELPU_008740	jcf7180000421883_57201_57800	1.43611898135211	3.28039978378379	19.5207991092668	9.9510264760756e-06	0.000586645226317996	5.02596431046551	1.41722082329115	23.1986742307571	0.000104453226082234	0.00508122014046469	DTR_Mup
HELPU_008740	jcf7180000421883_58301_58600	1.43611898135211	3.28039978378379	19.5207991092668	9.9510264760756e-06	0.000586645226317996	6.3178342226753	1.22559034898864	20.6419084207448	0.000196994717656976	0.00736229201387457	DTR_Mup
HELPU_008882	jcf7180000417251_42601_43700	-2.60296326350499	3.2498560417758	10.4236281868059	0.00124413235836949	0.0243900540924852	-2.00669513372157	3.88612179744715	11.9547659625899	0.00248286635151036	0.0311925944323899	DTR_Mdw
HELPU_009031	jcf7180000353956_42101_42300	-3.48811612504956	0.690071228273759	9.62629903252187	0.00191810733674728	0.0332302971902232	-2.59972378638335	0.586434295972763	20.9136399260025	0.000183782497941951	0.00708292108961506	DTR_Mdw
HELPU_009117	jcf7180000354455_64101_64200	2.29160824901102	0.250463837668239	10.7435487225749	0.00104643472637821	0.0212945209385962	5.96768254635097	0.317642873723457	20.5169347051354	0.000468900263754214	0.0120464342852568	DTR_Mup
HELPU_009135	jcf7180000359003_4401_4500	-2.60324609307039	3.39393988974432	9.06888085469608	0.00259996144635371	0.0413903825919944	6.84752260814574	-0.680050817826905	16.1455666344089	0.00169551284559418	0.0249391802919429	DTR_Mup
HELPU_009146	jcf7180000351891_95701_95900	-7.75778898133991	0.765100460480668	11.0229626779019	0.000899901280702897	0.0195085741923807	2.93893140930083	-0.0735792870072985	12.4845007467899	0.00208317131784635	0.0281238928665524	DTR_Mup
HELPU_009157	jcf7180000349397_54701_55100	-3.09207127464515	1.44916175713603	11.4355157848552	0.00072053470579186	0.0167027486467083	-3.75963809032478	0.974498094253002	11.4215696268037	0.00297280752585102	0.0347391492865796	DTR_Mdw
HELPU_009382	jcf7180000351960_42301_42500	4.6888932616743	0.999322976285623	10.6130074156858	0.0011229489796071	0.0225578501924873	-1.87121009970533	0.257693093468174	12.4277401383102	0.00212119931185654	0.0284269290832889	DTR_Mdw
HELPU_009472	jcf7180000413293_145301_146100	-6.39840421268599	0.2238017962668	48.4753347284887	3.3446930074334e-12	1.56617639139503e-09	-4.96984463702633	1.53964256846436	32.2506407808514	1.46485408731548e-05	0.00169593274724136	DTR_Mdw
HELPU_009548	jcf7180000348658_23501_23600	3.91257965084517	0.452128633454009	9.14497810244695	0.00249401623875917	0.0399945519931742	2.63677453040356	0.494097650956343	11.4613964948625	0.00293272693740981	0.0344648582543854	DTR_Mup
HELPU_009599	jcf7180000415688_60901_61200	1.64289974093433	5.12621174476729	8.6148799222723	0.00333427777474588	0.048573758622498	-2.86204127431421	0.764157215444739	12.695926461305	0.00194400788158231	0.0270076318328552	DTR_Mdw
HELPU_009599	jcf7180000415688_62201_62300	1.64289974093433	5.12621174476729	8.6148799222723	0.00333427777474588	0.048573758622498	-3.2334607460263	0.384954772193694	12.5810346863194	0.00201830817030037	0.0275890623097929	DTR_Mdw
HELPU_009625	jcf7180000356396_34201_35100	0.689042982664088	5.20964082981079	8.82168060521759	0.00297672382138006	0.0453536248770905	2.17192358557548	3.72885693631998	32.3986644769185	1.42286781600797e-05	0.00166686200382705	DTR_Mup
HELPU_009762	jcf7180000347816_48901_49500	7.95345159994042	1.88724715562709	16.972102028291	3.79331256290393e-05	0.00175122815756148	1.18288615935581	0.56240559698945	11.8689801958964	0.00414088285576867	0.0423759567720971	DTR_Mup
HELPU_009875	jcf7180000347728_75501_76700	-5.16181063334725	1.08238582099184	9.53100571015736	0.00202029380619472	0.0345261680810483	-1.00961301816707	2.81357992286602	10.997109690489	0.00343643321078955	0.0379327715047854	DTR_Mdw
HELPU_009885	jcf7180000417939_35101_35400	2.67563515047007	6.41824530014276	15.9018726746572	6.67126757569224e-05	0.00270632188856486	3.11654669183706	0.208391371454103	22.637267623797	0.00011964802551684	0.00548414546402815	DTR_Mup
HELPU_009932	jcf7180000353940_75701_75900	0.800695345772006	6.45758565945175	12.5352499885895	0.000399346181136084	0.0109081409377321	1.39075830110812	1.17550823563124	10.2707027554088	0.00444021383535894	0.0442133540142658	DTR_Mup
HELPU_009951	jcf7180000351767_3301_3600	-1.70338808511728	7.44073099854097	8.55346741586266	0.00344864714875017	0.049753413838791	-1.38372316096495	1.9110147833956	11.8672485764998	0.00255674250227115	0.0317090315954976	DTR_Mdw
HELPU_009951	jcf7180000351767_4601_4800	-1.70338808511728	7.44073099854097	8.55346741586266	0.00344864714875017	0.049753413838791	-2.26989651067211	0.993885964110202	18.4354808371531	0.000352863152807133	0.0102450497686382	DTR_Mdw
HELPU_010002	jcf7180000348353_24001_24200	-8.44796864290866	3.47043105712682	59.0843949661677	1.51052417438335e-14	1.03149919558203e-11	3.54192337897255	0.800880635056242	24.6724127239319	7.37688265334728e-05	0.00419720631729352	DTR_Mup
HELPU_010090	jcf7180000348823_83601_83900	1.89647958161422	2.98528794901805	12.0350063555911	0.000522106563441816	0.013432974047485	1.33674496296426	2.09413651512717	12.6434390582795	0.00197756882249053	0.0272701894525778	DTR_Mup
HELPU_010090	jcf7180000348823_88801_89400	1.89647958161422	2.98528794901805	12.0350063555911	0.000522106563441816	0.013432974047485	2.36469851428937	3.60856979268396	33.0437511485549	1.25473935467059e-05	0.00157483443972077	DTR_Mup
HELPU_010263	jcf7180000350144_56301_56400	1.29374126769584	7.67344524945772	11.7858149378199	0.00059683759077356	0.0146650244005815	1.55842711788756	1.05001333472357	10.1060098654366	0.00470953348204926	0.0458261158670649	DTR_Mup
HELPU_010263	jcf7180000350144_59601_59700	1.29374126769584	7.67344524945772	11.7858149378199	0.00059683759077356	0.0146650244005815	-2.97844661398311	-0.171963396333067	10.8833737019028	0.00357846288122514	0.038908567273305	DTR_Mdw
HELPU_010625	jcf7180000351798_29801_30000	-1.40029746655726	4.31444004193006	16.6361406152144	4.52799497534184e-05	0.00199487391534617	3.35575330458847	0.209757589639902	40.4045134138278	3.30801480177479e-06	0.000730535663552773	DTR_Mup
HELPU_010855	jcf7180000347701_23401_23500	3.29477911361874	3.95262616312331	13.668335946537	0.00021810113008027	0.00691384800944979	7.259237014704	0.741231576239083	17.1516129858419	0.000993090096054657	0.0183148423760638	DTR_Mup
HELPU_010900	jcf7180000349197_112701_113200	6.12142204566765	0.52648204798768	14.6532368388516	0.000129212553622499	0.00455411729315943	4.5509858400161	0.184645064874527	30.3928684214115	2.12593192100872e-05	0.00207357090045656	DTR_Mup
HELPU_010901	jcf7180000349197_115701_117400	6.36946195750665	0.611345756277793	17.1777543646186	3.40399283537232e-05	0.00160772445472383	4.15728464599537	1.96478605940288	38.437989092189	4.64691676985524e-06	0.000905443829686618	DTR_Mup
HELPU_010901	jcf7180000349197_115501_115600	6.36946195750665	0.611345756277793	17.1777543646186	3.40399283537232e-05	0.00160772445472383	4.16997909306322	-0.898242850353117	11.0447285878232	0.00377044107728116	0.0401008550162419	DTR_Mup
HELPU_010901	jcf7180000349197_114701_115200	6.36946195750665	0.611345756277793	17.1777543646186	3.40399283537232e-05	0.00160772445472383	4.43027158672006	0.307165615781067	26.0102433789175	6.3269033276603e-05	0.003837772002185	DTR_Mup
HELPU_010902	jcf7180000349197_118101_118700	8.1706430587663	3.00328525559739	17.9483124929161	2.26985570915931e-05	0.00116616505383737	3.66371945085276	1.00943985933792	32.9782379373702	1.27077332580265e-05	0.00158047673204374	DTR_Mup
HELPU_010917	jcf7180000352207_17501_17600	-8.57129991931408	3.09565489818725	104.514829528495	1.56021300611312e-24	2.84114788413199e-21	-2.89297533515935	-0.100995946014396	15.7311501315065	0.000758656585445067	0.0157452162741304	DTR_Mdw
HELPU_011075	jcf7180000354478_14901_15200	-2.01971212969597	9.32532346736776	24.0304237338916	9.48254575270537e-07	8.93157714603955e-05	-2.38310815002049	0.606313396721664	10.8297217464491	0.00364598154586499	0.0393119948992739	DTR_Mdw
HELPU_011361	jcf7180000353594_62701_62900	-0.752784915173156	7.76611710128183	11.4631161482128	0.000709911591617699	0.0165266208452024	5.72684811646756	0.178553882579049	20.8221706540016	0.000188117526522054	0.00717069444042722	DTR_Mup
HELPU_011369	jcf7180000416155_96701_96900	-3.78286869013493	5.82996314639956	14.159197584735	0.000167973908349747	0.00557272142498787	-1.59595324076579	1.66732762539774	13.6149347033739	0.00144776648090908	0.0227346167668501	DTR_Mdw
HELPU_011375	jcf7180000363547_16101_16400	-3.86169618178223	5.44978740299062	18.544235440153	1.66006511382073e-05	0.000894960761526577	-4.46318856881958	2.85981898124598	21.7633093753808	0.000148385721672796	0.00622461586139044	DTR_Mdw
HELPU_011375	jcf7180000363547_16801_17000	-3.86169618178223	5.44978740299062	18.544235440153	1.66006511382073e-05	0.000894960761526577	-3.62999869744416	-0.170636804669243	10.7131614517801	0.00379759278214874	0.0402670235742982	DTR_Mdw
HELPU_011375	jcf7180000363547_14101_14300	-3.86169618178223	5.44978740299062	18.544235440153	1.66006511382073e-05	0.000894960761526577	-1.55819775022345	1.99055174871652	12.0180657801291	0.00243090713996178	0.0307991966814629	DTR_Mdw
HELPU_011378	jcf7180000363547_38501_38800	-6.47262581800625	2.83829852303087	9.55483541695431	0.0019942339250171	0.0342235599969689	-3.8583917618105	0.474922203057532	9.83533149272141	0.00519248583265015	0.0486632380234956	DTR_Mdw
HELPU_011378	jcf7180000363547_39101_39300	-6.47262581800625	2.83829852303087	9.55483541695431	0.0019942339250171	0.0342235599969689	-1.99778938443364	0.275906006855062	14.7191207686787	0.00102729145833583	0.0186645097886106	DTR_Mdw
HELPU_011422	jcf7180000413399_63601_63800	1.14792893164068	3.51377900188554	14.7442844643491	0.000123120185541557	0.00436756865982808	-2.47311545232165	1.99075089778775	17.6012746060798	0.000444058326878673	0.0117002353215438	DTR_Mdw
HELPU_011457	jcf7180000348660_38701_39000	8.40729054208921	0.584128960538745	24.3510428345429	8.0283271030413e-07	7.69451771296748e-05	2.39958592897895	1.94828619833846	18.4028547574211	0.000356013482721708	0.0102960387243768	DTR_Mup
HELPU_011457	jcf7180000348660_39201_39500	8.40729054208921	0.584128960538745	24.3510428345429	8.0283271030413e-07	7.69451771296748e-05	2.79026777683197	2.21524167522351	11.7019041480943	0.00270305606639452	0.0328242594975251	DTR_Mup
HELPU_011529	jcf7180000351319_19101_19200	1.89966816865188	2.82344312979562	10.0195748362574	0.00154885217455437	0.0287253636231046	-6.67073464476881	-0.172324885399039	17.3128696692491	0.000652082214893828	0.0145304148564956	DTR_Mdw
HELPU_011532	jcf7180000351319_30901_31000	0.720654865270696	4.89862116306013	10.9500099466445	0.000936031124131021	0.0198404144790194	5.68442537211707	0.546348118479684	14.0638719438159	0.00214406898541071	0.0286062626832603	DTR_Mup
HELPU_011605	jcf7180000348576_36401_36600	-4.52479548315087	2.13335551000657	9.34774655848206	0.00223259812569739	0.0368851317359421	2.58030686636155	1.09285353084864	46.9959695844108	1.1436759989296e-06	0.000402814858773446	DTR_Mup
HELPU_011664	jcf7180000417616_5301_5400	-4.06055149128654	2.46516878264784	8.83314813665181	0.00295807654852793	0.0452498673574534	2.24877022103715	1.54832542192107	18.2645359589349	0.000369718475228132	0.0104880017534087	DTR_Mup
HELPU_011716	jcf7180000348456_113801_113900	0.777017207020381	4.88846110322975	11.2075264444474	0.000814662374727923	0.0182713686824022	3.39184764189774	2.023891315149	11.0455744808853	0.00338263165503181	0.0376000091996195	DTR_Mup
HELPU_011893	jcf7180000351053_13901_14900	2.21167700445036	0.519430351110534	11.689369884265	0.000628581826080879	0.0151053189848087	3.65460413974781	2.49149135934776	47.4329624850155	1.07609433650787e-06	0.000391642277665744	DTR_Mup
HELPU_011935	jcf7180000347608_17601_17800	-1.16329006987452	7.82823104658621	11.3306814067321	0.000762369216200531	0.0174762635919278	2.36477258766939	1.43646277718621	26.056627039188	5.37924827224761e-05	0.00352093680273095	DTR_Mup
HELPU_011935	jcf7180000347608_17301_17500	-1.16329006987452	7.82823104658621	11.3306814067321	0.000762369216200531	0.0174762635919278	1.93039575563192	1.49478617731092	22.3261885025579	0.000128898091761988	0.00572578997039562	DTR_Mup
HELPU_011935	jcf7180000347608_17901_18400	-1.16329006987452	7.82823104658621	11.3306814067321	0.000762369216200531	0.0174762635919278	-4.69260748549535	1.37420423249129	19.7021205902871	0.000251433926406104	0.00847327543206924	DTR_Mdw
HELPU_011936	jcf7180000347608_24001_24900	-9.70396416515971	8.24164358222764	37.492332291908	9.17730594894876e-10	2.35010729995814e-07	-1.99461132497821	1.35743810838183	20.6463204012807	0.000196606037885552	0.00735352280144229	DTR_Mdw
HELPU_011936	jcf7180000347608_31801_32000	-9.70396416515971	8.24164358222764	37.492332291908	9.17730594894876e-10	2.35010729995814e-07	-3.03375302212375	2.06017230142088	35.9966184789651	7.19561790864796e-06	0.00115722585666497	DTR_Mdw
HELPU_011936	jcf7180000347608_26001_26100	-9.70396416515971	8.24164358222764	37.492332291908	9.17730594894876e-10	2.35010729995814e-07	-5.22258686675506	-0.47914432039387	29.201632752133	7.22530893083612e-05	0.00414070340362665	DTR_Mdw
HELPU_011953	jcf7180000349616_10701_11300	-3.9232193200383	4.83753664967949	12.2071080136594	0.000476077771874745	0.0125643133707813	-1.14760181148834	1.44326792460264	12.8296263925242	0.00185904326110984	0.0262899484220939	DTR_Mdw
HELPU_012395	jcf7180000365076_7201_7600	4.71481103592394	1.09311915323156	29.6895913872019	5.07063524030672e-08	7.1027898250758e-06	1.84039156792694	0.910206365916498	11.9907193769745	0.00245320496109545	0.0309649709458289	DTR_Mup
HELPU_012407	jcf7180000348885_36901_38200	11.1547401165967	5.22262405469487	23.4996442943527	1.24936863640593e-06	0.000111890178044026	3.10428757507796	1.56282866796348	10.983125064187	0.0034565857954155	0.0380689621880061	DTR_Mup
HELPU_012438	jcf7180000393462_178101_178300	-1.11153250682508	6.29773864119336	16.713345687725	4.34740969585315e-05	0.00194140865137159	-0.826718065747128	2.61147022590261	11.6299449406748	0.00276662521735177	0.0332648879661831	DTR_Mdw
HELPU_012438	jcf7180000393462_177201_177400	-1.11153250682508	6.29773864119336	16.713345687725	4.34740969585315e-05	0.00194140865137159	-2.56143123476305	0.443752877267351	15.5639042730211	0.000797634017238912	0.0161664250393214	DTR_Mdw
HELPU_012438	jcf7180000393462_181701_182000	-1.11153250682508	6.29773864119336	16.713345687725	4.34740969585315e-05	0.00194140865137159	-2.48417209142032	0.647564952522571	27.4951403256876	3.90261301838768e-05	0.00293852192170802	DTR_Mdw
HELPU_012622	jcf7180000353537_10901_11100	-8.51779429544749	0.865503793862157	26.3358097119275	2.86919210057471e-07	3.19885641743666e-05	-4.86501785017691	0.356401591684717	28.139731295702	5.78277290934199e-05	0.00365657945719782	DTR_Mdw
HELPU_012657	jcf7180000350568_46701_47500	0.94006283846191	6.09615198033223	12.0157031549645	0.000527541817339577	0.0135192386511041	-1.03177577886166	2.91313263323583	11.5048239363675	0.00288663403757022	0.0341150586648302	DTR_Mdw
HELPU_012770	jcf7180000349727_44901_45000	-3.0604700793552	5.53536480178747	12.4683564571455	0.000413904112032432	0.0112495431046427	1.69492546386997	1.49312982920159	15.6862256084655	0.00076869690880183	0.0158468079384901	DTR_Mup
HELPU_012846	jcf7180000415733_32801_33000	-1.15200352436017	5.42907304866657	21.5661666899978	3.41829015237316e-06	0.00025235296084344	1.9329886546935	0.743789693258799	10.5366824842336	0.00404063286325019	0.0417724084718892	DTR_Mup
HELPU_012860	jcf7180000347742_118201_118600	3.46191768462041	4.90168602954403	10.7214115021863	0.00105902854259296	0.0215073343055216	1.57464009669648	2.01344013708669	18.2559376732663	0.000370121741036405	0.0104952836273472	DTR_Mup
HELPU_012880	jcf7180000395249_37801_37900	0.682977482668942	6.69034957034662	12.6245378890573	0.000380715985749689	0.0104866458663053	-1.75124977236563	1.33839465385953	14.0188737556059	0.0012755100584638	0.0211476071298031	DTR_Mdw
HELPU_012949	jcf7180000355113_13201_13700	1.53605857831206	1.83871455941043	9.73625117577795	0.00180668993012224	0.0320326528847446	-3.08718432475092	1.09083037928295	27.9299517004935	3.56338410055779e-05	0.00281480810195936	DTR_Mdw
HELPU_013120	jcf7180000417220_65601_66600	1.35874002929424	5.26631044637778	17.5070224864659	2.86248431928539e-05	0.00140880647173478	-1.46561707167506	3.68492914679432	10.9198209406189	0.00353338714544823	0.0385766144428931	DTR_Mdw
HELPU_013126	jcf7180000372531_31401_31500	1.10788623120391	7.06587009748392	9.78251402070555	0.0017617926329939	0.0314874803294842	1.60543903675508	0.811150360696193	10.2794623101903	0.00442637622116126	0.0441369421026477	DTR_Mup
HELPU_013340	jcf7180000349248_114201_114400	3.98944091678782	3.05862742191367	31.1674719744135	2.36699281662796e-08	3.8408559674966e-06	2.96164430953886	-0.0333036275498831	9.98185195150947	0.00492456939359895	0.0470411751776011	DTR_Mup
HELPU_013365	jcf7180000355046_34501_34900	1.42001230969535	3.76797693311749	17.437733274934	2.96873835814683e-05	0.0014523777000498	1.90342008517328	0.97477529479223	23.2330249220313	0.000103327650024393	0.00505290666088922	DTR_Mup
HELPU_013418	jcf7180000359088_24301_24400	-1.99773066664963	3.80272980692215	19.7505666745484	8.82355281990742e-06	0.000537580695782389	-3.14041744380289	0.853573096462615	19.8536971065806	0.000241630103460739	0.00830251280041574	DTR_Mdw
HELPU_013617	jcf7180000368534_37801_37900	-2.0976886620749	6.29640091107769	12.5613345558789	0.000393810411981271	0.0108109863349431	5.07248010611871	0.130762195920708	11.8047395980467	0.00441140259521556	0.0440336229705457	DTR_Mup
HELPU_013617	jcf7180000368534_39701_39800	-2.0976886620749	6.29640091107769	12.5613345558789	0.000393810411981271	0.0108109863349431	2.90594337101147	0.219276024619642	16.8376986706944	0.000550756728685159	0.0132031802416391	DTR_Mup
HELPU_013660	jcf7180000350784_6501_6700	5.32975949351739	4.89062946772916	17.0086292059842	3.72103215188186e-05	0.00172384912021989	6.98241531977	0.373695119840134	37.2703274435381	9.02054159341621e-06	0.00129824743262196	DTR_Mup
HELPU_013676	jcf7180000417649_12801_13000	0.985277503936862	7.86710688250494	22.2782485971526	2.35863239588283e-06	0.000196221453482862	4.12533269500931	-0.0945467772001794	12.4552687845289	0.00210326567121544	0.0282885329542692	DTR_Mup
HELPU_013676	jcf7180000417649_12301_12500	0.985277503936862	7.86710688250494	22.2782485971526	2.35863239588283e-06	0.000196221453482862	-1.73898670542686	2.36553826241849	15.4528851792099	0.000824370206599009	0.0164626949168913	DTR_Mdw
HELPU_013676	jcf7180000417649_14001_14200	0.985277503936862	7.86710688250494	22.2782485971526	2.35863239588283e-06	0.000196221453482862	-3.89974577377756	0.914513103819687	52.978949086384	4.80971043718063e-07	0.00024911951743044	DTR_Mdw
HELPU_013820	jcf7180000369001_15401_15900	-2.49381402417186	7.6478406118193	13.9305849069829	0.000189686690295601	0.00619948100555667	-2.26240161326147	2.33695491803473	17.2039526809916	0.000496410306361315	0.0124168469845561	DTR_Mdw
HELPU_013887	jcf7180000417521_32601_32700	-0.938271910476008	6.96525350190632	27.7876712931569	1.35386113553779e-07	1.73347110549444e-05	5.59688762504167	0.710320938550204	14.4451948681486	0.00156508344482498	0.0237979591150866	DTR_Mup
HELPU_013931	jcf7180000417856_37301_37400	-2.20227846090277	7.0028348394876	46.4170844933571	9.55785076224748e-12	4.12220042480195e-09	4.79926952046087	1.4925842307263	21.4318060924163	0.000161212897618965	0.00655253677115186	DTR_Mup
HELPU_013933	jcf7180000365294_14201_14500	-2.64229566121097	4.23574986595426	11.843560303723	0.000578610925209211	0.0142814073091171	3.29329879388726	3.62747209638403	14.2828547440872	0.00117523843502661	0.0201786462998436	DTR_Mup
HELPU_014110	jcf7180000352612_94401_95000	-1.30907446631042	7.41465183606977	9.45793258376113	0.00210237897195331	0.0355581929528822	-2.60350130822299	2.88641146020023	58.3259839972813	2.32921151426464e-07	0.000167205279798566	DTR_Mdw
HELPU_014230	jcf7180000354001_12901_13000	-4.22907552343589	2.97469214204947	18.2420654731481	1.94534619582285e-05	0.00102846060655938	5.60647417420502	2.28376034512374	10.5294948761488	0.00425452709708921	0.0430802641792332	DTR_Mup
HELPU_014237	jcf7180000413777_40001_40100	-1.08107389945262	4.58679699380045	18.0994699023696	2.09659792099548e-05	0.00108737795339224	2.71920221897819	0.977150165861949	14.6104961225392	0.00106271565086212	0.0190482137502806	DTR_Mup
HELPU_014274	jcf7180000348246_35301_35900	3.13504885606015	1.58203597160009	11.0460134460236	0.000888781054185009	0.0193186110040293	2.96987038497041	1.48865819364207	18.8704294176596	0.000313676615659791	0.00957984044982198	DTR_Mup
HELPU_014284	jcf7180000352320_15001_15300	1.36354540754015	5.82232095330449	41.1270377848561	1.42649302369083e-10	4.32940632690168e-08	-1.25160304267037	1.64091045980058	13.7083261186562	0.00140387909438355	0.0223527956995224	DTR_Mdw
HELPU_014285	jcf7180000352320_23201_23300	1.35775865948201	4.80345907646585	38.0921974057215	6.74794377058503e-10	1.8432008409353e-07	-3.94413105505412	0.026959989450751	16.5384589706481	0.000600052878363311	0.0138438458148182	DTR_Mdw
HELPU_014314	jcf7180000352370_73101_73400	5.08294053381165	2.79577943463875	10.5535344487052	0.00115966123653685	0.0230371975825484	3.02529341041029	0.685485565332961	19.1690299024843	0.000289561907047861	0.00918068943435883	DTR_Mup
HELPU_014328	jcf7180000413364_15601_16000	8.60307077905114	3.6017072267271	17.7443247526171	2.52670126474062e-05	0.00126542967001295	-2.78796365210206	2.03143270878454	21.9377857666558	0.000142089814907635	0.00607438200217152	DTR_Mdw
HELPU_014337	jcf7180000375369_19801_20100	-6.57361676401241	0.754704836752445	9.70450359856871	0.00183816970389222	0.0322248185955196	-3.60495607017525	0.148316797515278	11.3117240242049	0.00308653576787497	0.0355261073090265	DTR_Mdw
HELPU_014377	jcf7180000351919_34201_34500	1.0204508479073	5.86858267401451	9.28365044050843	0.00231208200807619	0.0377615775406365	2.56399764248387	1.52468463402432	25.09975012948	6.68433473048605e-05	0.00395573128894407	DTR_Mup
HELPU_014414	jcf7180000351533_64701_65800	1.28942131246503	2.92585762797883	8.57512849830382	0.00340785905864577	0.0493386944453583	-1.5942516930919	2.79483714333076	22.7481996646317	0.0001162708609824	0.00539321682568517	DTR_Mdw
HELPU_014534	jcf7180000359918_80101_80300	-2.2120226902744	2.29676304221973	14.7057890081232	0.000125659976369183	0.00444803747886509	-5.16260588801709	2.18353403199707	29.5016477231644	2.55486639916215e-05	0.00231181334575705	DTR_Mdw
HELPU_014622	jcf7180000349592_45001_45400	1.40131184790835	5.38092438796172	19.4839741421433	1.01447248242681e-05	0.000593792482660465	-0.868181413241602	4.57747559469189	14.698043852529	0.00103318240404316	0.0187345743506501	DTR_Mdw
HELPU_014714	jcf7180000355841_8201_8400	-4.55450959065789	1.78018881429892	13.4957944115893	0.000239098723816413	0.00739356412193811	3.28818042456738	0.30248728367489	16.2153836830387	0.000871667623998646	0.0169826072406921	DTR_Mup
HELPU_014747	jcf7180000370320_34901_35300	9.88954085380728	1.29930449106826	11.2211997903375	0.000808681970144684	0.0181803687362157	3.08781377385785	0.826926622430549	11.2822970101483	0.00311781634633043	0.0357456591188888	DTR_Mup
HELPU_014793	jcf7180000359016_36601_36700	5.94816838497486	6.49593620944816	13.5287153890721	0.00023494080781491	0.00734817728869954	2.27415830947382	0.913732566019028	20.1524441189775	0.000223518479622628	0.00791240746653699	DTR_Mup
HELPU_014793	jcf7180000359016_36801_37000	5.94816838497486	6.49593620944816	13.5287153890721	0.00023494080781491	0.00734817728869954	3.38932544414683	-0.251299244979374	13.0867864280107	0.00196367443336711	0.0271662179736303	DTR_Mup
HELPU_014871	jcf7180000348026_24401_24700	-2.4421113497762	4.89959216539422	9.6488973336957	0.00189465282158698	0.032899832870949	2.53347543895845	1.71722624634189	11.9026034023062	0.00252660913202719	0.0314934972739958	DTR_Mup
HELPU_014914	jcf7180000392566_9201_9800	4.61597128030579	1.38883321260785	21.6160688039506	3.33049871084735e-06	0.000246984359149671	2.12659338064032	0.232054281006133	22.7311158841942	0.00011665238763144	0.00540350420459437	DTR_Mup
HELPU_014947	jcf7180000413472_74601_74700	2.15707473486064	4.06143137120866	14.9942457563154	0.000107839506797932	0.00398058936241287	2.43832029764747	-0.0697664296529141	10.6831231821628	0.00383778865087269	0.0405117671520422	DTR_Mup
HELPU_014971	jcf7180000353639_52701_52900	-1.52200880981597	4.67704519814493	12.4129475596412	0.000426367357118728	0.0115119186422057	-2.05671868033749	1.64541884810621	13.2140142149772	0.00164454024574876	0.0245372052387915	DTR_Mdw
HELPU_014971	jcf7180000353639_49701_50200	-1.52200880981597	4.67704519814493	12.4129475596412	0.000426367357118728	0.0115119186422057	2.03020194497211	2.11139969862796	27.5793506643147	3.83661809372896e-05	0.00291816120322111	DTR_Mup
HELPU_014983	jcf7180000348765_42001_42100	1.0471667010242	5.15712165003018	10.2154342457415	0.00139270198342471	0.026571586503315	-4.99435433139921	-0.612074169620191	20.9334443599413	0.000233322146868762	0.00811927621931466	DTR_Mdw
HELPU_015047	jcf7180000352285_94901_95200	-2.63695760374532	3.51813595158797	10.2665947620805	0.00135460593395556	0.026026537692377	5.00630593963495	0.0504013488127706	37.1226490299643	5.86729089710028e-06	0.00103609773722795	DTR_Mup
HELPU_015091	jcf7180000358073_5401_5500	0.52742865481896	5.25700424020342	9.90439813205308	0.00164884244250029	0.0299920963264565	7.71642924146473	-0.103348663183565	34.966674936976	5.06741546752157e-05	0.00340554812321868	DTR_Mup
HELPU_015112	jcf7180000355075_37301_37400	-3.14833510461904	4.43477690833976	9.10245647022982	0.00255266438836675	0.0406961251565591	6.51569327324586	-0.170747154469565	14.5449758521679	0.00126797066980503	0.0210777417582941	DTR_Mup
HELPU_015178	jcf7180000359716_26601_27200	-9.26265706308736	0.879358826891408	15.0911387583417	0.0001024430431927	0.00382446249404366	0.922809562167815	2.88076540338197	13.0952751867247	0.00170620886858911	0.0250360803075498	DTR_Mup
HELPU_015339	jcf7180000399790_32201_32800	-1.363603872256	4.05944608426985	11.8608990054503	0.000573248647990105	0.0141703953120812	-2.90547530073767	1.32016671269489	29.5203555705351	2.54493868307958e-05	0.00230706622560318	DTR_Mdw
HELPU_015500	jcf7180000374915_11801_12500	4.76665642699129	7.62539623343598	30.9614750541583	2.63201302253488e-08	4.10819632631659e-06	1.37928747610151	2.671409180816	17.217675875351	0.000493603053610095	0.0123725905469012	DTR_Mup
HELPU_015544	jcf7180000349337_13001_13300	2.11607867325497	4.61967729960279	11.7041038650956	0.000623624073637528	0.0150081864065278	-1.36223645042884	1.16085396105259	11.1269999608691	0.00328882833380169	0.0369227152105129	DTR_Mdw
HELPU_015544	jcf7180000349337_9801_10100	2.11607867325497	4.61967729960279	11.7041038650956	0.000623624073637528	0.0150081864065278	-3.27084692139595	0.102740302580425	13.3525973843127	0.0018101230489738	0.0258949213139756	DTR_Mdw
HELPU_015615	jcf7180000394687_15501_15800	-1.98203921995012	2.67003239827649	13.8240671317694	0.00020074823360575	0.00646377760425272	-1.22593007793808	1.28077755214613	14.246255535224	0.00118692671918973	0.0203009995300493	DTR_Mdw
HELPU_015673	jcf7180000366713_28501_28700	6.51418438062019	1.96717262230942	16.1065036824818	5.98780508901478e-05	0.00252363543630251	-3.72958071212859	0.698692585061036	9.86399233953284	0.00513882998759508	0.0483245830628659	DTR_Mdw
HELPU_015757	jcf7180000422335_27801_28200	-1.41510652713139	5.95700806557276	12.3573435517907	0.000439255250578517	0.011782249266336	-2.75237957525816	1.8124343174996	13.5059351518318	0.00149855074807538	0.0232147709152832	DTR_Mdw
HELPU_015757	jcf7180000422335_30101_30300	-1.41510652713139	5.95700806557276	12.3573435517907	0.000439255250578517	0.011782249266336	-2.54207285417916	1.79207823107361	18.2184018710963	0.000374418244658525	0.0105741958748578	DTR_Mdw
HELPU_015802	jcf7180000353980_14601_14800	-8.25132256911323	2.75329541662367	44.9826773881915	1.9878516165097e-11	7.94607320560425e-09	-1.16230392293897	1.77894984674963	10.3641056938315	0.00429114608345394	0.0432979920120288	DTR_Mdw
HELPU_015806	jcf7180000351918_15701_16200	0.876968236919993	4.28675499684041	10.0920146725675	0.00148913209135048	0.0281351425660687	1.44345915727079	2.97187923460896	13.587683281235	0.00146028229423518	0.0228659674552208	DTR_Mup
HELPU_015876	jcf7180000413668_22601_22900	1.37449178704278	3.08230191460419	9.38436494768602	0.00218843850480612	0.0365313244218055	-3.39065628938747	0.988056701634735	25.0194927509495	6.80873395288863e-05	0.00399963080054139	DTR_Mdw
HELPU_015876	jcf7180000413668_25301_25700	1.37449178704278	3.08230191460419	9.38436494768602	0.00218843850480612	0.0365313244218055	-2.74314380394563	2.38839984661391	26.7280075103424	4.63186208816963e-05	0.00325888077211536	DTR_Mdw
HELPU_015876	jcf7180000413668_23101_23200	1.37449178704278	3.08230191460419	9.38436494768602	0.00218843850480612	0.0365313244218055	-1.88414901297825	1.86291085056843	20.4947307937826	0.000204585702677779	0.0075127924833942	DTR_Mdw
HELPU_015879	jcf7180000374976_5701_5900	0.8272665453375	5.87507779860792	11.7065515608348	0.000622804295892409	0.0150081864065278	2.29245109167575	0.0303635149901055	10.465468903544	0.00414355353151742	0.0423891695333381	DTR_Mup
HELPU_015942	jcf7180000352293_27601_28100	-7.36927748930231	0.244731868534707	14.0603430621899	0.000177037494773566	0.00584973286662091	-3.86048982351769	2.29394993329039	27.2189200419732	4.15786772164101e-05	0.00305600610188984	DTR_Mdw
HELPU_015942	jcf7180000352293_25201_25700	-7.36927748930231	0.244731868534707	14.0603430621899	0.000177037494773566	0.00584973286662091	-3.2322766406208	1.46217080377063	43.5119039890201	1.98326554095151e-06	0.000543598850811597	DTR_Mdw
HELPU_015942	jcf7180000352293_31201_31400	-7.36927748930231	0.244731868534707	14.0603430621899	0.000177037494773566	0.00584973286662091	3.93822335434829	1.19172566025669	41.9303113030609	2.56615824459653e-06	0.00062929538315501	DTR_Mup
HELPU_015999	jcf7180000352304_14101_14200	0.59540971715282	7.0405494583422	8.96737718590818	0.00274842861037308	0.0429809126864546	7.54354393226977	1.68228235843665	18.8707443183484	0.000575340049749602	0.0135042960279955	DTR_Mup
HELPU_016122	jcf7180000351336_23001_23200	7.04860097983362	1.57391518562601	8.94342812780611	0.00278469616195134	0.0434237729764229	-2.35912316637217	2.12948717984299	14.6806993741829	0.00104018780329839	0.0188195969906256	DTR_Mdw
HELPU_016234	jcf7180000347257_103501_103800	-1.90946046372831	2.57619130639695	9.26217691163872	0.0023393479412659	0.0380352910807608	-1.63464503330651	1.83829404237975	19.7578100329803	0.000247437441996718	0.00841264194501169	DTR_Mdw
HELPU_016234	jcf7180000347257_102601_102800	-1.90946046372831	2.57619130639695	9.26217691163872	0.0023393479412659	0.0380352910807608	-1.46717379492195	0.882229882761433	12.3041024190637	0.0022092236707795	0.0290845774131477	DTR_Mdw
HELPU_016286	jcf7180000375442_78701_79000	-2.00371889801196	8.16219947703835	9.15829048727915	0.00247593761072768	0.0397435274262644	3.67028340949935	1.57457512510262	13.5647347467242	0.00147091478929419	0.0229634114761632	DTR_Mup
HELPU_016340	jcf7180000355072_14801_15000	-0.593560134540099	4.63864637608747	9.61711235549303	0.00192772603074638	0.0333616704518505	-1.88018806886666	1.83519320335006	15.8229249489505	0.000738903872758834	0.0155344993807028	DTR_Mdw
HELPU_016344	jcf7180000351691_35101_35700	-8.48119000371739	6.5206794276324	17.1711886376706	3.41577872340645e-05	0.00160865510051461	1.32650970815339	1.51470653747431	10.1890592213639	0.0045715232641376	0.0449713009299411	DTR_Mup
HELPU_016344	jcf7180000351691_39701_40000	-8.48119000371739	6.5206794276324	17.1711886376706	3.41577872340645e-05	0.00160865510051461	4.4031377981235	3.82568392981614	20.1041725257687	0.000226340644767676	0.0079771221679428	DTR_Mup
HELPU_016363	jcf7180000395193_19601_20000	5.73669811297731	1.15816257232841	15.7386096483741	7.27245087043424e-05	0.00288312078070358	2.90330759345558	3.35170493921382	15.2800938468391	0.000867974640987669	0.0169406377164887	DTR_Mup
HELPU_016443	jcf7180000349575_71901_72100	3.81636215391806	3.69989821666148	26.8930142021401	2.15034729896001e-07	2.46447845333256e-05	4.14974278802267	0.306621325464274	20.4653935874369	0.000298611910136389	0.00933739231273314	DTR_Mup
HELPU_016519	jcf7180000358478_16501_16600	6.41482476208844	4.88655850546416	311.49403621128	1.03219426879034e-69	1.69166318712049e-65	6.13659223337032	1.48195194929335	17.3036925118931	0.000734941397127744	0.0154897703298641	DTR_Mup
HELPU_016519	jcf7180000358478_23601_24200	6.41482476208844	4.88655850546416	311.49403621128	1.03219426879034e-69	1.69166318712049e-65	1.46947790638434	3.48845454934581	20.1741515814343	0.00022177638261604	0.00787634766814189	DTR_Mup
HELPU_016519	jcf7180000358478_22101_22200	6.41482476208844	4.88655850546416	311.49403621128	1.03219426879034e-69	1.69166318712049e-65	5.57112953055101	0.224878556852229	12.5625783450114	0.0021608735034674	0.0287341000453879	DTR_Mup
HELPU_016521	jcf7180000358478_28301_28900	5.81407188588672	6.49300952118352	17.2911075678295	3.20684059662091e-05	0.00152781716680291	4.32864342700517	3.79634018281076	104.152602022193	2.20489193186098e-09	1.57885145341786e-05	DTR_Mup
HELPU_016652	jcf7180000353429_48301_48900	-1.34117980890929	6.7183396496185	13.8788405517648	0.000194981325858388	0.00630886700075429	-1.65194619976793	1.42655744539272	13.1209219681896	0.00169435289993921	0.024929800075558	DTR_Mdw
HELPU_016652	jcf7180000353429_51301_51500	-1.34117980890929	6.7183396496185	13.8788405517648	0.000194981325858388	0.00630886700075429	-1.94258135196432	2.00878685031612	15.4978054940465	0.00081343479819925	0.0163455653812134	DTR_Mdw
HELPU_016811	jcf7180000421264_11801_12100	-4.04404375707957	2.4329623324218	20.1933566584418	6.99955988306416e-06	0.0004498658310727	-2.71978616428388	2.44939540049287	12.6024498098312	0.00200422397143788	0.0274855817038704	DTR_Mdw
HELPU_016811	jcf7180000421264_8401_8600	-4.04404375707957	2.4329623324218	20.1933566584418	6.99955988306416e-06	0.0004498658310727	-2.29045457817252	0.289224937231377	11.5611935879578	0.00283489986209448	0.0337696761405754	DTR_Mdw
HELPU_016811	jcf7180000421264_10401_10800	-4.04404375707957	2.4329623324218	20.1933566584418	6.99955988306416e-06	0.0004498658310727	7.02629639417501	4.11029998380295	184.62450036796	1.43165062564009e-11	2.05031696875106e-06	DTR_Mup
HELPU_016811	jcf7180000421264_7401_8300	-4.04404375707957	2.4329623324218	20.1933566584418	6.99955988306416e-06	0.0004498658310727	-1.45371920367767	2.39329466569682	11.8508594188249	0.00257084609947899	0.0318150674329431	DTR_Mdw
HELPU_016812	jcf7180000348298_51201_51400	0.978322482752054	4.9523631033305	17.793050767695	2.46281112876361e-05	0.00124577196263292	3.10296795022875	0.445074235912768	16.3563750811196	0.000632422762660372	0.0142845954294237	DTR_Mup
HELPU_016839	jcf7180000367327_51101_51300	1.12798531238403	4.39321684442925	19.6261793201315	9.41700147693429e-06	0.000565330539214198	4.8453091885075	0.125599771296959	23.0562736200869	0.000108095002994639	0.00517574848257196	DTR_Mup
HELPU_016860	jcf7180000418695_39801_40000	-6.95192640665103	4.33158403459729	14.4547710961144	0.000143565721070187	0.00494306429121701	-5.09879762353246	-0.281461703384533	10.6287509323431	0.00459979115611969	0.0451416563240558	DTR_Mdw
HELPU_016931	jcf7180000370684_14801_15000	2.19077769543996	7.03313622988516	28.8658102520117	7.75701260648208e-08	1.06831663535828e-05	3.40749612607098	2.01554292051857	13.0016595079602	0.00176062526690644	0.0254846681485856	DTR_Mup
HELPU_016994	jcf7180000353623_23401_23500	4.76130962190463	1.41533425909312	14.8882115961683	0.00011407361707935	0.00415957170366227	3.7125332450925	-0.52527111777495	12.0538721016073	0.00271517616507524	0.0328990127938579	DTR_Mup
HELPU_017010	jcf7180000366707_9601_9700	1.59631206764207	3.08481148555215	8.60958605937071	0.00334398292803883	0.0486718794028671	2.49742233398916	0.801775389079228	10.6234144459846	0.00391909778956032	0.0409953773490028	DTR_Mup
HELPU_017029	jcf7180000370439_32101_32200	-1.02313771376566	7.51215148429634	21.8538459283046	2.94226288202967e-06	0.000228821001272565	5.94105303130479	-0.709435508651818	10.8710272287141	0.00487476860597642	0.0467556959282058	DTR_Mup
HELPU_017207	jcf7180000367776_5001_5200	-5.71797058044998	0.764327450869289	21.3712357990296	3.78405976437327e-06	0.000270816399468618	2.96420551137808	0.405821470469127	19.2794792328552	0.000281166522508586	0.00902354006239567	DTR_Mup
HELPU_017207	jcf7180000367776_5601_5800	-5.71797058044998	0.764327450869289	21.3712357990296	3.78405976437327e-06	0.000270816399468618	6.28674249631511	0.984061383327553	25.3761770554841	6.27466655915426e-05	0.00382336148419674	DTR_Mup
HELPU_017323	jcf7180000355041_33901_35300	-2.42880015418455	2.91550414185152	15.6658472410438	7.55766312960438e-05	0.00296321868495422	1.01569746021791	4.48612400422525	10.5141500655392	0.00406906059669576	0.0419361262064542	DTR_Mup
HELPU_017324	jcf7180000374846_9701_9800	-4.92834834249767	2.58807896253228	37.5581774739142	8.87266563113152e-10	2.30816058775579e-07	-6.7348917381474	0.838781352879003	12.9892784899192	0.00360281120542901	0.03905322453593	DTR_Mdw
HELPU_017336	jcf7180000361622_23101_23400	8.08201353397173	4.79915286634278	9.89013313391279	0.00166167346839922	0.0301162498200701	6.38369439735018	1.12553582738275	62.2243171026335	1.43027346866173e-07	0.000125088457037068	DTR_Mup
HELPU_017336	jcf7180000361622_22801_23000	8.08201353397173	4.79915286634278	9.89013313391279	0.00166167346839922	0.0301162498200701	7.05876197041905	2.68045794191876	57.3178257535488	2.67267412260078e-07	0.000181509180810286	DTR_Mup
HELPU_017437	jcf7180000416257_27101_27500	1.08298199528525	4.5798283730199	15.7671442724741	7.16357974615602e-05	0.00286350996243295	3.55150291976692	1.12084212688038	23.1222511539484	0.00010639056971708	0.00512560443823139	DTR_Mup
HELPU_017477	jcf7180000352596_13701_14100	10.3385104736747	2.45681825776729	162.128394913093	3.87827212264321e-37	1.58902504544999e-33	2.19735311184809	1.89698949702202	42.3129873518098	2.39782467913308e-06	0.000607251750106145	DTR_Mup
HELPU_017569	jcf7180000357310_25001_25200	9.75734533153192	1.27093624322575	10.8557637103978	0.000984887371187232	0.0206147115279534	-2.48825573599838	0.547261359359581	15.3444423353926	0.000851445111528275	0.0167587111055733	DTR_Mdw
HELPU_017569	jcf7180000357310_24101_24300	9.75734533153192	1.27093624322575	10.8557637103978	0.000984887371187232	0.0206147115279534	-5.39316842250198	1.09017057788808	19.4161039008185	0.000339206840646748	0.0100033392988005	DTR_Mdw
HELPU_017569	jcf7180000357310_23501_23700	9.75734533153192	1.27093624322575	10.8557637103978	0.000984887371187232	0.0206147115279534	-5.47740692424827	3.73893572378486	32.3998610776715	1.42253385148123e-05	0.00166686200382705	DTR_Mdw
HELPU_017653	jcf7180000361362_83101_83600	0.967736936759677	3.90017058426046	11.2264306173748	0.000806405878124297	0.0181599923865341	-1.84957433240409	0.829357634553819	22.0435265265834	0.000138081788355455	0.0059612623008477	DTR_Mdw
HELPU_017653	jcf7180000361362_78801_79000	0.967736936759677	3.90017058426046	11.2264306173748	0.000806405878124297	0.0181599923865341	-3.61811975861507	1.57424867841792	38.5622191582626	4.54696783706675e-06	0.000894303455897598	DTR_Mdw
HELPU_017653	jcf7180000361362_76801_77300	0.967736936759677	3.90017058426046	11.2264306173748	0.000806405878124297	0.0181599923865341	-3.93714738808352	4.79729760631334	82.8241091175379	1.48276869310396e-08	3.8261710672044e-05	DTR_Mdw
HELPU_017653	jcf7180000361362_79401_79500	0.967736936759677	3.90017058426046	11.2264306173748	0.000806405878124297	0.0181599923865341	-5.55765579554452	1.79478492791734	43.3119349991164	2.0481894387803e-06	0.000554265692115881	DTR_Mdw
HELPU_017653	jcf7180000361362_74201_74600	0.967736936759677	3.90017058426046	11.2264306173748	0.000806405878124297	0.0181599923865341	-1.18865050837901	1.82347519510697	11.3799375273985	0.00301219853608727	0.0350001835489303	DTR_Mdw
HELPU_017720	jcf7180000347886_21401_21600	-8.04642630347551	2.39048788778697	37.8043090448037	7.82088318899089e-10	2.06736217071567e-07	-2.26067913139101	0.76697173686685	30.497362228299	2.07379531115043e-05	0.00204401572466237	DTR_Mdw
HELPU_017731	jcf7180000413659_69701_70000	-3.38602024588501	5.15465489214137	42.4725423803789	7.16814763304314e-11	2.55388633821617e-08	1.12264908226659	5.29210129902806	11.0928924131078	0.00332557010115456	0.037195827645025	DTR_Mup
HELPU_017781	jcf7180000418943_5601_5700	3.04502013546837	5.7886501511544	63.8523876164608	1.34099728440906e-15	1.22097802745445e-12	-5.12063275307052	0.211350907198089	63.8114902478034	1.1778915126672e-07	0.000115146734572945	DTR_Mdw
HELPU_017781	jcf7180000418943_6401_6600	3.04502013546837	5.7886501511544	63.8523876164608	1.34099728440906e-15	1.22097802745445e-12	-2.65551317709953	1.3115390917932	19.9382643160782	0.00023634418398509	0.00819210854858589	DTR_Mdw
HELPU_017794	jcf7180000354503_28001_28400	-1.29491780873749	3.34247001777433	11.7490469598005	0.000608744008299308	0.0147803045215072	1.54020857877058	2.25349619908539	10.3205195349538	0.00436215243328429	0.0437172230583736	DTR_Mup
HELPU_018040	jcf7180000361157_42801_43100	-5.39438506435003	3.7552187263925	10.9963639523264	0.000912908058594334	0.0196671788905112	-3.41381291440186	0.808603041747972	18.292350510563	0.000366916435006799	0.0104416069279376	DTR_Mdw
HELPU_018106	jcf7180000361221_36601_36800	2.64837459044376	2.28175557920839	20.2473853400214	6.80463974465764e-06	0.000440795418083771	-4.38394427576473	4.04200312592447	24.8804415612436	7.03034768064952e-05	0.00406968754067381	DTR_Mdw
HELPU_018106	jcf7180000361221_34201_34400	2.64837459044376	2.28175557920839	20.2473853400214	6.80463974465764e-06	0.000440795418083771	-1.59264107488345	1.17887620395254	35.3571133507529	8.06217461756089e-06	0.00121282798801687	DTR_Mdw
HELPU_018106	jcf7180000361221_35801_36000	2.64837459044376	2.28175557920839	20.2473853400214	6.80463974465764e-06	0.000440795418083771	-2.90030029025189	0.0571189006923475	28.3607076257325	3.23867042878994e-05	0.00267183682712099	DTR_Mdw
HELPU_018118	jcf7180000353828_29701_29800	-2.30015142193592	3.97926413618321	10.93250520257	0.000944916381045526	0.0198852656183506	1.91513189735326	0.23683151224307	9.83765884484716	0.00518810566390154	0.0486370204094502	DTR_Mup
HELPU_018186	jcf7180000355441_46401_46500	-6.11578799409408	3.367625043868	186.356198461582	1.98487801996079e-42	1.62650829345687e-38	6.12599542681315	1.47244587251176	17.1530550337616	0.000763439986767864	0.0157929961786768	DTR_Mup
HELPU_018401	jcf7180000348314_16401_16500	-1.38203302826411	5.46019994558285	14.7777313790342	0.000120955465220997	0.00430223825923798	4.21280660399282	1.31107806059945	13.7260246958056	0.0016165705717584	0.0242792438339387	DTR_Mup
HELPU_018544	jcf7180000393850_37301_37800	2.5451500588514	4.86622405370584	11.8675277569363	0.00057121188092592	0.0141413769131343	1.42476116238617	1.52919447211426	10.0130970864603	0.00486944550436482	0.0467291483902873	DTR_Mup
HELPU_018544	jcf7180000393850_44401_44500	2.5451500588514	4.86622405370584	11.8675277569363	0.00057121188092592	0.0141413769131343	-3.23535264179726	-0.185733401272358	15.319053242468	0.00137581427574894	0.0221251111986942	DTR_Mdw
HELPU_018550	jcf7180000413477_33201_33400	6.54545670976712	3.87124479330821	24.8287450629653	6.26561148839788e-07	6.22346101111229e-05	4.40793146840543	-0.633089880555822	16.0237526084994	0.00102162358680263	0.0186174757718605	DTR_Mup
HELPU_018584	jcf7180000365337_8301_8500	1.35466962053851	2.06412239248478	10.742107118756	0.00104725022127699	0.0212945209385962	2.58918769806942	0.228744677697083	22.9199456621569	0.000111713005192263	0.00526967725967879	DTR_Mup
HELPU_018589	jcf7180000413644_63201_63300	-1.78787105675864	5.36761111537792	27.1091602659069	1.9228464459922e-07	2.26716046067383e-05	7.22266415946311	2.58291357968769	33.9135988999288	1.06168886249243e-05	0.00143712833561965	DTR_Mup
HELPU_018590	jcf7180000362252_21101_22100	0.730202958648975	5.68700980956207	9.97610809662423	0.00158584528356282	0.0291274154459831	-0.801269329651367	3.46817440992566	14.8822153421383	0.000976940194965009	0.0181302351446963	DTR_Mdw
HELPU_018634	jcf7180000363741_15901_16200	-3.123196908849	0.364375673548467	16.4827064072048	4.90958503381504e-05	0.00215142216896242	1.85448303985756	1.3395116521785	33.0884661478066	1.2391817305998e-05	0.00156912071419323	DTR_Mup
HELPU_018671	jcf7180000358956_4801_5100	4.1847162062901	2.22511197340875	19.4962677909686	1.00796432024072e-05	0.000592097750696242	2.78235402277618	2.84699554730127	32.8904514394461	1.29261333142047e-05	0.00159301568675571	DTR_Mup
HELPU_018831	jcf7180000370555_16101_16600	-1.76345613673607	5.89410978468878	10.5285298159833	0.00117545684551695	0.0232103159532256	0.964868334653872	3.28547667519005	14.8361551416774	0.000990681602352854	0.0182862597696223	DTR_Mup
HELPU_019026	jcf7180000361306_27301_27400	2.66123060182225	0.503293915235993	10.9808932168058	0.000920560503438598	0.0197285300288325	-1.65265482334549	2.09633216019905	15.7877587277247	0.000746589567376403	0.0156169875129571	DTR_Mdw
HELPU_019124	jcf7180000354492_22801_23000	-1.57480101570871	3.67610119457028	13.5117817437393	0.000237070344002167	0.00736688470087104	5.91633388027744	0.368354176825755	29.333772413661	3.14626698266665e-05	0.00263347695220415	DTR_Mup
HELPU_019172	jcf7180000362404_7201_7500	2.51135651756538	1.32564148531116	8.91186196658849	0.00283324239938512	0.043847034639776	4.86873624332108	2.83561372075829	32.9839066524668	1.26937706292508e-05	0.00158047673204374	DTR_Mup
HELPU_019222	jcf7180000417224_32701_32800	2.65933286349928	2.53562799925207	20.8626370480813	4.93426036184992e-06	0.00033555017871518	5.16391521139353	0.50865018517185	19.1560509022559	0.000290566481791321	0.00919726883413005	DTR_Mup
HELPU_019349	jcf7180000352538_16201_16300	-2.04385298484649	6.79378646403755	9.70690719774313	0.00183576704873292	0.0322248185955196	1.98648099612507	1.70051625409844	12.5851201686163	0.00201561281238474	0.0275727484886592	DTR_Mup
HELPU_019349	jcf7180000352538_11101_11200	-2.04385298484649	6.79378646403755	9.70690719774313	0.00183576704873292	0.0322248185955196	2.57366490340027	0.413830394090844	20.557792863488	0.000201294347981129	0.00745103853827745	DTR_Mup
HELPU_019582	jcf7180000348869_63301_65500	-2.62077981311957	3.31992113032975	9.78865597258183	0.00175591759734575	0.0314167396319864	-3.50465343770292	3.41461228288598	10.1358013999451	0.00465950110679946	0.0455062371630267	DTR_Mdw
HELPU_019622	jcf7180000368412_9401_9700	-4.04785511211175	2.38268284116177	49.8675617888885	1.64481571832694e-12	8.42402650239384e-10	2.22056148767271	1.93538783111341	18.2687503034371	0.000369292407921436	0.0104820570335525	DTR_Mup
HELPU_019637	jcf7180000374865_701_900	0.895226813453021	5.34904431552433	14.8325457762566	0.000117490338745557	0.00421345549606333	4.38596309623055	1.3646111849174	14.7320456976334	0.00102404533579442	0.0186256559146492	DTR_Mup
HELPU_019947	jcf7180000359935_6501_7500	6.14784681504338	5.02341738028984	9.35465633413138	0.00222419670016971	0.0367939294083242	5.12494006380971	2.48119398423173	14.8937426613619	0.000974992504210262	0.0181187424903285	DTR_Mup
HELPU_019947	jcf7180000359935_4201_6400	6.14784681504338	5.02341738028984	9.35465633413138	0.00222419670016971	0.0367939294083242	6.14388109235753	4.45192206303216	16.1792989762519	0.000665761561859682	0.0146995426032029	DTR_Mup
HELPU_019947	jcf7180000359935_8001_8400	6.14784681504338	5.02341738028984	9.35465633413138	0.00222419670016971	0.0367939294083242	4.63607207739364	1.54011970574592	13.0783888377563	0.00171766579213784	0.0251423681441469	DTR_Mup
HELPU_019980	jcf7180000421450_12201_12500	3.47009177394425	1.31214000825125	27.1686905659735	1.86453869157059e-07	2.21434236348916e-05	1.24925980529254	1.88092877604599	10.1871536499306	0.00457463911112179	0.0449818149633576	DTR_Mup
HELPU_020115	jcf7180000362471_10001_10400	-5.82856646293004	0.759208814244131	16.6509666152812	4.49274081208322e-05	0.00199004132889816	-2.49127091092366	0.265456811778882	11.7355498738832	0.00267254681545755	0.0325948293255721	DTR_Mdw
HELPU_020234	jcf7180000392883_6001_6300	3.2167488728169	3.87477552368872	8.92137239819178	0.00281852632656195	0.0437018239981303	1.99689709358906	1.81738461579078	23.1567462082711	0.000105509232797433	0.00510743502154306	DTR_Mup
HELPU_020363	jcf7180000417906_31101_31400	-7.58476020424192	3.89200810720178	34.8373627199241	3.5842852132306e-09	7.53113466149184e-07	2.37292787892885	0.671962005749582	15.8189247294217	0.000739773712312073	0.01554708086407	DTR_Mup
HELPU_020363	jcf7180000417906_31501_31900	-7.58476020424192	3.89200810720178	34.8373627199241	3.5842852132306e-09	7.53113466149184e-07	2.20604653937982	0.809684906837376	18.3212489901808	0.000364030002451845	0.0104070287965141	DTR_Mup
HELPU_020363	jcf7180000417906_23901_24200	-7.58476020424192	3.89200810720178	34.8373627199241	3.5842852132306e-09	7.53113466149184e-07	-1.98017604039019	0.985331298538184	9.83543291104928	0.00519229487373746	0.0486632380234956	DTR_Mdw
HELPU_020580	jcf7180000420619_9701_10100	-2.65060766062138	3.47292239643429	12.0624057637555	0.000514488548934573	0.0132996101395721	-5.9676497418808	-0.0625151729458262	11.397363819988	0.00358104530453747	0.0389184985400472	DTR_Mdw
HELPU_020615	jcf7180000372514_25201_25400	-7.63233069210832	6.85736752002096	56.0864818036873	6.93523230800923e-14	4.3715970113832e-11	-1.68718269653815	0.128532299488494	11.7090515741702	0.0026936087711313	0.0327634274292697	DTR_Mdw
HELPU_020615	jcf7180000372514_24401_25100	-7.63233069210832	6.85736752002096	56.0864818036873	6.93523230800923e-14	4.3715970113832e-11	-1.20675792022776	2.50897834005422	14.6172748496219	0.00105896885929203	0.0190133969865613	DTR_Mdw
HELPU_020615	jcf7180000372514_29301_29500	-7.63233069210832	6.85736752002096	56.0864818036873	6.93523230800923e-14	4.3715970113832e-11	-4.81873149397876	1.9745530661903	39.3197264638878	3.98644236138277e-06	0.000824422185013561	DTR_Mdw
HELPU_020615	jcf7180000372514_20601_20900	-7.63233069210832	6.85736752002096	56.0864818036873	6.93523230800923e-14	4.3715970113832e-11	-1.55700868356102	3.09725451922438	29.4150887434545	2.59260878384697e-05	0.00233740370201743	DTR_Mdw
HELPU_020615	jcf7180000372514_22901_23000	-7.63233069210832	6.85736752002096	56.0864818036873	6.93523230800923e-14	4.3715970113832e-11	-4.12612200362109	0.195856994047979	11.2454699076582	0.00402788800914747	0.0417071619309464	DTR_Mdw
HELPU_020615	jcf7180000372514_22401_22600	-7.63233069210832	6.85736752002096	56.0864818036873	6.93523230800923e-14	4.3715970113832e-11	-5.72704203284348	0.108661751867634	17.8524886093459	0.000731024901830214	0.0154438213846259	DTR_Mdw
HELPU_020938	jcf7180000383337_6601_7000	4.10670692012665	1.54053199633332	38.3289882160424	5.97681725362606e-10	1.6602382706725e-07	0.980112322961656	2.92672373947422	16.2569883742628	0.000649812438386211	0.0145069234052726	DTR_Mup
HELPU_021087	jcf7180000352560_16401_18000	-6.28033618446532	0.976185138957008	12.8843120947544	0.000331347911798004	0.00940500051488726	-2.49051419392023	3.38008218309688	20.5450312228512	0.000201955664948208	0.00746409842287966	DTR_Mdw
HELPU_021161	jcf7180000350542_32301_32700	-1.20074284534412	7.23451589684005	13.0345525832167	0.000305796271904494	0.00885458498276104	-1.27816539911672	1.28738375502183	13.1925208002302	0.00165378217797176	0.0246197498188124	DTR_Mdw
HELPU_021161	jcf7180000350542_34401_34600	-1.20074284534412	7.23451589684005	13.0345525832167	0.000305796271904494	0.00885458498276104	-1.62075211737039	2.79851988015482	31.236158641151	1.78569343486763e-05	0.00188387039951687	DTR_Mdw
HELPU_021234	jcf7180000358097_22601_22700	-0.762581519906739	7.035656216126	19.8594598459324	8.33492450934054e-06	0.000517428324937811	-4.05536279871534	-0.140672236175469	10.6344208521445	0.00524933829791073	0.0489884080755792	DTR_Mdw
HELPU_021377	jcf7180000352915_34301_34700	-2.12362293257026	4.16019417268691	24.9807947973382	5.79042303908004e-07	5.78653921874895e-05	-2.99976352354657	0.65669641480382	12.2116645187764	0.00227932348243276	0.0296336883075107	DTR_Mdw
HELPU_021405	jcf7180000354019_47801_48200	-2.60711959617855	1.4200178687822	13.3436626462734	0.000259297410120355	0.00782619752203039	-2.35366946559523	0.214035921103785	12.7783797203705	0.00189255254147212	0.0265641182150037	DTR_Mdw
HELPU_021621	jcf7180000421670_21801_22400	-7.03113434895022	2.78634265848416	21.9846368585837	2.7484167807618e-06	0.000217602911207271	2.42610518938437	0.063610639239091	13.010035880972	0.00175587813848949	0.0254577616731215	DTR_Mup
HELPU_021822	jcf7180000416393_16601_16700	-3.09909109972819	4.90110001100081	21.6647496805284	3.24703602790491e-06	0.000242993942745815	3.13391808486466	-0.148200025730138	12.2603668049715	0.00224285955030635	0.0293407671990211	DTR_Mup
HELPU_021825	jcf7180000361177_31101_31800	10.3648871348651	4.06435129749229	25.5519228619376	4.30636681070071e-07	4.55335778455315e-05	2.36419598071222	2.00997460826706	11.9124971248473	0.00251824720739448	0.0314303016633569	DTR_Mup
HELPU_021926	jcf7180000413773_53801_54400	4.99990351962602	1.14597880645356	14.776787315081	0.000121016037434176	0.00430223825923798	3.03310777422499	0.360893445619569	15.5662381049547	0.000797082352455674	0.0161655389766212	DTR_Mup
HELPU_021931	jcf7180000353541_31401_31900	3.50802454068747	7.28794358785605	21.847802933018	2.95154361658489e-06	0.000228821001272565	1.5734317753741	0.412479490736858	16.9019116718081	0.000539821415522538	0.0130579704909952	DTR_Mup
HELPU_021936	jcf7180000420939_11301_11700	2.51738528451428	4.48643733534305	14.6152929232921	0.000131840303397287	0.00462036344615998	1.83423618167725	0.558532311283041	14.202430580551	0.00120429127422715	0.0204654777038615	DTR_Mup
HELPU_021980	jcf7180000349790_19501_19600	-1.47564990977034	7.85908542984307	24.63906258156	6.91360207132006e-07	6.78485175729727e-05	5.04323632738253	0.128517344977446	14.5962214982905	0.00124912779206771	0.0208973731732129	DTR_Mup
HELPU_022024	jcf7180000414655_2201_3000	-3.71900817357422	4.59532881534931	15.3254716686423	9.04881500904089e-05	0.00344085914578123	-1.58272599947105	2.22534799456506	20.0390037061	0.00022995256975101	0.00805085833595369	DTR_Mdw
HELPU_022024	jcf7180000414655_1801_2100	-3.71900817357422	4.59532881534931	15.3254716686423	9.04881500904089e-05	0.00344085914578123	-1.74292626788908	1.44584500644936	14.1308394951569	0.00123186917090792	0.0207325074488595	DTR_Mdw
HELPU_022027	jcf7180000351086_1401_1600	-2.65644767185636	5.69601618429191	18.1362259465949	2.05651570908557e-05	0.00107681265035793	3.3954869066817	-0.235852382075002	11.7913839273195	0.00262275617926335	0.0322221653664149	DTR_Mup
HELPU_022034	jcf7180000358160_61001_61500	4.41415392582669	1.77504690351191	9.82224359922853	0.00172413893890007	0.0309156598136031	2.37975385869612	2.22545481760029	13.1081854309487	0.0017012969991071	0.0249896100288846	DTR_Mup
HELPU_022127	jcf7180000372757_12901_13200	-4.20553031728971	2.86683321390635	30.1220231351812	4.05697751576352e-08	5.93658968802218e-06	3.21211481465266	1.02955738669676	16.0477424963844	0.000691787198098684	0.0149793265640922	DTR_Mup
HELPU_022173	jcf7180000411212_28901_29000	2.38181782057102	0.780636361614816	8.96185675443121	0.00275674577988125	0.043069882351262	-5.35351766966066	-0.0350775444875727	25.1322657458669	0.000105954011153735	0.00511599621590202	DTR_Mdw
HELPU_022366	jcf7180000363348_8101_8300	2.27162304266773	1.95180375495788	22.1645119058065	2.50257119364979e-06	0.000204052931804609	-2.39220695564222	-0.0985974807410575	12.5442560127127	0.00204251465253578	0.0278083156375067	DTR_Mdw
HELPU_022596	jcf7180000353966_13001_13200	-4.06917171236393	3.35175861512649	13.109504502681	0.000293801385259482	0.00856552544047922	-9.27119131989402	1.9369599861881	22.844316541126	0.000173281083105983	0.00682170928344944	DTR_Mdw
HELPU_022596	jcf7180000353966_12301_12600	-4.06917171236393	3.35175861512649	13.109504502681	0.000293801385259482	0.00856552544047922	-2.9211798799357	1.87885778686646	31.5277206182194	1.6905019419279e-05	0.00182374915148995	DTR_Mdw
HELPU_022645	jcf7180000418347_4401_4700	2.42261645102984	1.43034226425103	8.79783862676426	0.00301587623936545	0.045631472531367	-1.64863787334404	1.09441238365704	13.4952302086337	0.00150334624878205	0.0232565190375258	DTR_Mdw
HELPU_022908	jcf7180000366727_11601_11800	-4.4172042741101	1.29163763866335	15.7422183569344	7.25859076943039e-05	0.00288312078070358	-2.19231097670569	1.74325822944694	29.0857497206892	2.78696661839626e-05	0.00243595510408113	DTR_Mdw
HELPU_022992	jcf7180000352792_17501_17700	-6.09871599320936	1.89158603787149	63.8743364029441	1.32613984110642e-15	1.22097802745445e-12	-1.70082135063743	0.659773009306941	15.3459029004346	0.000849751067646346	0.0167369809242674	DTR_Mdw
HELPU_023405	jcf7180000370451_13301_13500	-5.9072366698416	3.44993714818246	12.9334266814222	0.000322766398407909	0.00923179494503878	-2.03691494114042	0.38910368112602	16.9973741723008	0.000525363539097446	0.0128307542180596	DTR_Mdw
HELPU_023405	jcf7180000370451_11701_12000	-5.9072366698416	3.44993714818246	12.9334266814222	0.000322766398407909	0.00923179494503878	-3.88753022404486	0.163607573575658	10.4941517542053	0.00410175401189328	0.0421327952019991	DTR_Mdw
HELPU_023584	jcf7180000414242_15001_15400	-4.36278665988476	1.27879942055751	9.70795261812672	0.00183472303242466	0.0322248185955196	-2.01374501347193	0.910913042213885	14.872015234998	0.000981430127316498	0.018182929306396	DTR_Mdw
HELPU_023644	jcf7180000352298_33201_33400	-5.637575691942	8.17985839559349	27.6152095471125	1.4801034931859e-07	1.86595508844798e-05	-3.16617201431218	0.32485988008391	16.8043274816499	0.000556026142516434	0.0132752618372235	DTR_Mdw
HELPU_023644	jcf7180000352298_33701_34300	-5.637575691942	8.17985839559349	27.6152095471125	1.4801034931859e-07	1.86595508844798e-05	-1.00851360988883	2.27406409124965	9.83802228062312	0.0051829753885492	0.0486082345573486	DTR_Mdw
HELPU_023644	jcf7180000352298_34401_34500	-5.637575691942	8.17985839559349	27.6152095471125	1.4801034931859e-07	1.86595508844798e-05	-4.33474678581698	0.247602298343375	17.8796258343895	0.000411019919331804	0.0111915032972177	DTR_Mdw
HELPU_023644	jcf7180000352298_32201_32400	-5.637575691942	8.17985839559349	27.6152095471125	1.4801034931859e-07	1.86595508844798e-05	-1.81287799208314	2.51823981273743	23.233148441476	0.000103592051654087	0.00505736502115652	DTR_Mdw
HELPU_023683	jcf7180000351395_13201_13300	-0.837769401035125	8.26600361704847	10.9957356344347	0.000913217593244191	0.0196671788905112	-3.6108503403175	0.236081919395729	16.9603974774252	0.000643109241358181	0.0144269933172384	DTR_Mdw
HELPU_023689	jcf7180000353244_7701_8300	-7.90047346551745	0.615031386237287	56.4586918933897	5.73914684973199e-14	3.7623551088103e-11	-3.32486392934349	2.1731665299352	65.3581106448659	9.72268448063756e-08	0.000104693208561488	DTR_Mdw
HELPU_023783	jcf7180000363662_5901_6400	-3.48123562079827	0.6693971960046	19.77639379896	8.70511986920353e-06	0.000532344065434241	-3.44350122311151	3.26958035274263	57.7012504548122	2.54157673079985e-07	0.000176265423310608	DTR_Mdw
