region	gene	logFC	logCPM	F	PValue	FDR
jcf7180000420409_351001_351300	HELPU_000144	2.37156787540892	2.83315722773547	15.9462887529161	0.000712625573883122	0.049735673794011
jcf7180000420409_427401_427600	HELPU_000151	3.92191372656967	0.269205530976989	19.9336248625286	0.000236581000973951	0.0319185993245247
jcf7180000420409_699301_699600	HELPU_000180	-2.05841605427627	2.07592447381526	16.2134157560892	0.000659190200895204	0.0481828822521874
jcf7180000420409_919401_919500	HELPU_000205	-2.00014485139935	0.595695033186406	19.5478100607222	0.000261316574519979	0.033216157790366
jcf7180000347063_898601_899200	HELPU_000369	-2.68772221264862	0.386711159928952	23.2821021381954	0.000102139011360054	0.0232673453364335
jcf7180000347130_317201_317500	HELPU_000411	2.55597944760735	1.14819104991051	16.8612350496485	0.000547073428143372	0.0449739673585882
jcf7180000420429_154101_154200	HELPU_000463	7.34597806176473	0.42612754113221	23.1923373743171	0.000188968732251201	0.0291783003086333
jcf7180000420429_517201_517300	HELPU_000497	2.88879035577866	0.27648211983091	17.9916764428473	0.000397737183395161	0.0393496581606941
jcf7180000417094_264801_265000	HELPU_000524	-3.70691785960197	1.02406795639103	16.0324354899233	0.000694887644880425	0.0494590605711052
jcf7180000417094_386701_386800	HELPU_000531	2.21925333110177	0.762017714021289	32.1339765391982	1.49336598145815e-05	0.0112860247485782
jcf7180000417094_1020701_1020800	HELPU_000574	-6.48084763082913	0.45858158763228	44.0599129180508	1.81666321700412e-06	0.0046459053147932
jcf7180000417094_1020701_1020800	HELPU_000575	-6.48084763082913	0.45858158763228	44.0599129180508	1.81666321700412e-06	0.0046459053147932
jcf7180000417100_211901_212000	HELPU_000637	2.89589220186516	0.231324586595576	16.0931381496472	0.000682327508727591	0.0490643935609622
jcf7180000417100_513201_513600	HELPU_000660	2.49520279412584	2.62439968167486	20.9553789169028	0.00018184105499888	0.0287440330354107
jcf7180000416159_157701_157800	HELPU_000693	3.40877262383876	0.465615976637262	24.4102699151697	7.8192103998294e-05	0.021284700565058
jcf7180000416159_280301_280600	HELPU_000699	1.79401041520255	3.15469481295862	23.7516969012466	9.12972330748293e-05	0.0221805415525385
jcf7180000395598_186401_186500	HELPU_000744	6.0499935926536	-0.173554019704831	25.0897322531879	0.000300517587765545	0.0352617766079954
jcf7180000395598_313701_313900	HELPU_000753	5.2187184765547	0.350325395708191	20.5540315890077	0.000201489011230919	0.0299519712834255
jcf7180000395598_614401_614500	HELPU_000777	4.5867436569336	1.92708747732678	28.4856520672964	8.23306002751235e-05	0.021594969638281
jcf7180000347104_438301_438400	HELPU_000818	-5.74013180666039	1.42346560032953	22.1656371431345	0.000134307125470192	0.025542184814314
jcf7180000420431_529301_529600	HELPU_000874	3.62798029673794	1.57560448985862	26.8901218502809	4.46905577895264e-05	0.0177539284271576
jcf7180000347071_551201_551300	HELPU_000962	4.42314207737433	0.287651975525591	19.3803461442949	0.000442946402542381	0.0416727514551341
jcf7180000421689_129501_129800	HELPU_000982	1.94408947071614	2.59803115347381	19.5127873261743	0.00026401152714903	0.0333864799179277
jcf7180000347144_119101_119300	HELPU_001035	-3.81030117069388	0.000604052763265726	16.8374636827878	0.000550793640661077	0.0450979345590558
jcf7180000347144_225201_225400	HELPU_001048	-3.01762497813353	3.05244083849529	17.5934870558536	0.000445023873378061	0.0416853104666018
jcf7180000417101_425001_425800	HELPU_001102	-2.37499316182071	1.4497490704697	20.5567176582293	0.000201349973616609	0.0299519712834255
jcf7180000413244_71601_71900	HELPU_001125	2.17438270952834	2.87702251485933	24.42246630143	7.80822343862756e-05	0.0212796005219389
jcf7180000413244_156001_156100	HELPU_001130	-6.35904773704377	-0.250042818319605	18.8078361564271	0.000395735483995599	0.0393496581606941
jcf7180000413244_537501_537800	HELPU_001163	2.67754278726929	0.182328947736657	19.4997114675967	0.000264660246769439	0.0334093611729529
jcf7180000347103_124101_124200	HELPU_001170	2.26688343716035	1.19658806643058	18.6642885080009	0.000331019115011597	0.0367263725851591
jcf7180000347103_479601_479700	HELPU_001196	6.38615659378081	0.727436367415499	16.1245491454556	0.000676458894981754	0.048825963144518
jcf7180000413248_362801_363100	HELPU_001284	8.59281868546257	0.721515905458676	27.1621718223009	4.93686200545437e-05	0.0180692557655124
jcf7180000347157_455901_456000	HELPU_001374	1.94933578570203	5.04808033393409	16.2413913305764	0.000653855164722841	0.0480200430142949
jcf7180000413250_183901_184000	HELPU_001436	3.5853357045234	0.442385764320309	17.1177829981133	0.000508642024069071	0.0438242531735405
jcf7180000420486_281401_281500	HELPU_001484	4.41036773460116	0.830092744117364	22.4664534552844	0.000124742930752531	0.024899391222967
jcf7180000417139_271301_271600	HELPU_001656	2.03165515949245	0.882505967044523	20.4218575390658	0.000208001015074075	0.0303026062600675
jcf7180000417110_364901_365000	HELPU_001716	6.00464588083126	-0.302768207616598	16.6955926472356	0.000626774128447862	0.0474056068890773
jcf7180000417110_409901_410200	HELPU_001720	1.41582426101204	2.95585082844262	17.6191643670733	0.000441031075549989	0.0415673602752737
jcf7180000392926_44601_44800	HELPU_001728	2.80631805041571	2.22537873279673	21.5081170819485	0.000158155295457204	0.0270286078830075
jcf7180000420515_220101_220400	HELPU_001851	4.5899974028534	1.97214035833434	19.144408641193	0.00029147086526879	0.0348144810368405
jcf7180000417119_79501_79700	HELPU_001875	3.74468383229608	3.72722416933805	44.1987067179646	1.7769547441627e-06	0.00458529564420081
jcf7180000417119_322201_322600	HELPU_001899	-2.29039551879409	2.2692943891488	16.2844370477411	0.000645739109125626	0.047796473708191
jcf7180000416165_116401_116500	HELPU_002011	9.07190547400474	3.64376001712466	17.7449660222688	0.000583271357284805	0.0461505641070349
jcf7180000420444_218101_218300	HELPU_002029	1.98446823028588	1.0075968456809	21.7405004616046	0.000148874767809355	0.0265656552365165
jcf7180000420444_329301_329600	HELPU_002038	-3.59771013115015	1.22854917341071	16.8593848795692	0.000547361981279833	0.0449739673585882
jcf7180000417113_107501_107600	HELPU_002098	2.15081300415594	0.957616334690519	15.9595760932616	0.0007086971937922	0.0497262070853134
jcf7180000417107_273601_274000	HELPU_002194	2.76833722447904	1.72215629597713	16.4898943939948	0.000608503657474024	0.0468685164955432
jcf7180000417107_437401_437800	HELPU_002201	3.61833827496417	0.834452026155242	25.593663121053	5.97177767642621e-05	0.0191328676121446
jcf7180000347142_86201_86300	HELPU_002217	8.35286086971661	2.43342617130509	26.4158547168928	4.96407148370094e-05	0.0180692557655124
jcf7180000422581_121801_122000	HELPU_002272	4.81638512711673	0.53579297813567	23.7066860231736	9.25220702885342e-05	0.0223612096377356
jcf7180000347200_173901_174200	HELPU_002306	1.85619561783928	4.02381023736138	16.7590308456166	0.000563267903342241	0.0454849551030753
jcf7180000417205_33501_33800	HELPU_002321	3.1675546809683	1.28105993942736	23.1591016922266	0.000105451499418533	0.0235720973145255
jcf7180000417205_266101_266300	HELPU_002341	2.33777975401383	4.15034473406106	23.0656762922784	0.000107850269941412	0.0237575525138958
jcf7180000413282_164901_165000	HELPU_002409	-3.40918641618901	1.4748370245925	22.3394947428327	0.000128684701982063	0.0250359803508024
jcf7180000347790_248101_248300	HELPU_002436	6.97255940389125	0.177978295066715	16.3651311044013	0.000688559398534988	0.0492439457788217
jcf7180000417117_116001_116300	HELPU_002449	1.74646188417298	2.77211349090447	15.9167007870271	0.000718277600653583	0.049992936039291
jcf7180000415302_15001_15500	HELPU_002543	-2.60317751307114	1.12662055064893	17.1153958354099	0.000508985583864307	0.0438242531735405
jcf7180000417132_103901_104000	HELPU_002604	-2.71130607487231	3.12311897593205	17.1128815377093	0.000509347717969033	0.0438242531735405
jcf7180000415683_26201_26400	HELPU_002704	4.64422112882934	0.629397773308988	46.3500770318455	1.2643351199434e-06	0.00404678370918854
jcf7180000417134_151901_152000	HELPU_002864	-5.43371622193663	-0.0206373933273434	16.6589346575846	0.000697977483219295	0.0494712571093652
jcf7180000417217_169401_169500	HELPU_002883	-3.33350111856727	0.700347591616492	18.8251763070468	0.000317520880013443	0.0362436784236248
jcf7180000421131_85901_86000	HELPU_002895	-2.00482495960503	0.300507690206982	19.6782177976402	0.000252483127603537	0.0328459058937884
jcf7180000347444_149101_149400	HELPU_002940	5.41243302003115	1.52883164322532	24.0484017710034	8.53446279227263e-05	0.0218170286175142
jcf7180000347444_227301_227400	HELPU_002945	7.32344875346775	-0.206601832540953	17.9659527510573	0.000442813162843725	0.0416727514551341
jcf7180000347134_24601_24900	HELPU_003059	-2.62458115717533	3.22864367121006	18.3956574742625	0.000356712613722356	0.037848848276921
jcf7180000347134_235701_236000	HELPU_003079	1.73431603679105	2.9278086309199	18.4853005210856	0.000347427983478459	0.037537817813574
jcf7180000348922_136601_136700	HELPU_003128	3.06000256199192	1.39714774813632	24.3539363837119	7.94443953930337e-05	0.0214123144470018
jcf7180000392528_56501_56900	HELPU_003153	2.08019056779049	3.466996406632	20.4505210138254	0.0002069284950547	0.0302089235744305
jcf7180000347851_205301_205700	HELPU_003209	9.04759428226559	4.28203872333721	27.3170718116728	4.06965916510429e-05	0.0169410844445581
jcf7180000392412_278201_278400	HELPU_003296	-2.13812554330735	0.884995094519064	19.0432265120216	0.000299216858910522	0.0352013297116231
jcf7180000347183_364101_365700	HELPU_003310	-1.81174992990847	3.94632802514377	24.1814217734115	8.25098273115168e-05	0.0216024152718061
jcf7180000347183_477601_478100	HELPU_003315	-4.36623086585085	2.57309300474013	19.9458106129176	0.000235878733726267	0.0318688858797233
jcf7180000347068_94001_94600	HELPU_003327	2.50384674965674	2.80715601611021	33.1906945450261	1.21702355358631e-05	0.0101333838774147
jcf7180000392949_28701_28900	HELPU_003341	2.4861378862603	0.268922506807784	16.016375085225	0.000697405346645582	0.0494712571093652
jcf7180000392949_80601_80700	HELPU_003348	-4.99042481531071	0.165867157546114	22.2609727305554	0.000131191247948199	0.0252871571844271
jcf7180000392949_206101_206300	HELPU_003360	2.37913971485828	1.87884403484256	26.7173684822077	4.62872107891057e-05	0.0178754526032636
jcf7180000420472_196601_196800	HELPU_003370	-1.99858467123584	2.43163366885642	25.5891660172562	5.96063713974157e-05	0.0191185600674665
jcf7180000392812_55001_55200	HELPU_003433	3.33187514106846	1.00314408197853	25.3909468093401	6.25356988092397e-05	0.0194906557158151
jcf7180000353462_78001_78400	HELPU_003495	2.25027569756702	3.15041687804218	33.1544102223955	1.22346823300705e-05	0.0101575169732032
jcf7180000347158_126701_127100	HELPU_003624	1.44263608733746	4.08962848646794	19.415420426011	0.000270634331456006	0.0337176945001955
jcf7180000415687_35001_35200	HELPU_003752	4.50818275494311	2.15910360257239	19.478328511865	0.000266720432748919	0.0335057407668406
jcf7180000347504_85901_86000	HELPU_003838	3.50657967087013	0.382306869921873	19.2838145542389	0.000280842512720446	0.0342716840984264
jcf7180000420408_13601_13800	HELPU_003862	6.79620428353494	0.145573107099675	32.8796361226957	1.5748552909422e-05	0.011595914560892
jcf7180000392869_59501_60200	HELPU_003921	-1.80193679785401	2.49977252605239	22.8506938839164	0.000113314136883017	0.0241849689157913
jcf7180000392500_97801_97900	HELPU_003957	4.68028989307474	0.0673924289499478	25.3937697960753	6.24954651431461e-05	0.0194906557158151
jcf7180000347322_207801_207900	HELPU_004133	3.12710378677216	1.74749127264535	18.8145339814268	0.000318432480355186	0.0362436784236248
jcf7180000413259_233901_234400	HELPU_004154	3.282524234411	1.57615584629421	21.3095236010677	0.000166249290223315	0.027592018724999
jcf7180000347366_242101_242900	HELPU_004165	-6.65324741548068	3.39254154462266	37.7571364432004	5.23948790405814e-06	0.00728510098007603
jcf7180000347339_65201_65300	HELPU_004227	3.1169121245	0.0903228183424463	15.9959045290644	0.000701598215656641	0.0495852586114426
jcf7180000347937_120101_120300	HELPU_004252	7.05310746412273	-0.406266285502689	17.6015620575289	0.00048871499184597	0.0429521844030272
jcf7180000347741_164501_165000	HELPU_004291	2.34361139195705	3.03182275660425	19.0154948741182	0.000301695334799525	0.0353285730419557
jcf7180000347741_215201_215400	HELPU_004294	3.58736847038647	2.13445918822757	34.5940994434641	9.3341932562155e-06	0.00903231409391228
jcf7180000417163_28501_28900	HELPU_004315	2.60321341728675	0.931313567067866	28.2002968383419	3.35166586256942e-05	0.0160008895738874
jcf7180000417158_274901_275000	HELPU_004365	-3.08433819629683	4.3265388402156	16.6145391316826	0.000587073453662045	0.0462214645717588
jcf7180000347406_132901_133200	HELPU_004376	5.32874042400805	2.07249260569898	27.7818169305681	3.67905744636731e-05	0.0164911015209804
jcf7180000347248_216801_217200	HELPU_004463	1.94310283536792	1.96168486702633	16.901844434288	0.000540285665665937	0.0449133209747091
jcf7180000351905_16701_17000	HELPU_004535	2.04035178813461	1.23100234370346	23.5100932297405	9.66973635934031e-05	0.0226842799439102
jcf7180000351905_34801_35300	HELPU_004538	4.35749939362656	2.73005436043787	29.4586978513239	2.57782042873308e-05	0.0143929312269148
jcf7180000413241_27801_28000	HELPU_004629	5.6316701707444	0.189701577131565	64.9257872064858	1.02273511028306e-07	0.00162743860796137
jcf7180000413241_82501_83500	HELPU_004634	-1.42118291440835	2.98186701996442	16.656787005975	0.000578999308724909	0.0460541613441126
jcf7180000348078_25301_25800	HELPU_004678	4.0536794587749	1.44985806804066	18.9842716349265	0.000304230844518862	0.0354948790643601
jcf7180000350538_8801_8900	HELPU_004805	4.18267958492587	0.250691666836804	17.5062310204181	0.000456002320331168	0.0419319263578083
jcf7180000350538_149001_149200	HELPU_004816	-5.06269739074372	-0.375029979726208	18.3370784037044	0.000445720788417323	0.0416853104666018
jcf7180000417202_235201_235400	HELPU_004946	4.21349206847786	1.87233739736934	51.9439807969022	5.56255817122756e-07	0.00292973408772632
jcf7180000347405_93201_93400	HELPU_005053	-4.7159862285558	3.54510322579831	25.2418099458588	6.47023572944388e-05	0.0197996817230494
jcf7180000347405_213401_213600	HELPU_005058	1.84609610554376	1.26624044376634	23.4949338762656	9.70477450035817e-05	0.0226842799439102
jcf7180000420491_121701_121800	HELPU_005134	-5.60555378541037	0.655029954732494	18.1011644103663	0.00038666088319595	0.0390790814365443
jcf7180000393180_97301_97400	HELPU_005404	5.57415737788828	-0.0476244475014989	24.5425448240771	8.73922840144209e-05	0.0219574646784198
jcf7180000347344_101101_101200	HELPU_005451	6.17076307352361	1.23423417569561	47.2331194872394	1.11517616316605e-05	0.00974825939633332
jcf7180000347432_50501_50600	HELPU_005475	4.38359311662467	0.267824160010752	20.1276691393363	0.000323557494549116	0.0364816948148654
jcf7180000417136_161901_163100	HELPU_005516	-2.39316049374528	3.79315660316534	28.1119549507056	3.42671573844101e-05	0.0161431563949744
jcf7180000415699_117301_117600	HELPU_005561	3.39202118149519	1.77711812817917	20.2787201070236	0.000216317701267961	0.0305109083114763
jcf7180000350319_12901_13500	HELPU_005591	-2.2380022295963	0.902994082615092	21.0158004257075	0.000178659650739639	0.0285244970916403
jcf7180000348810_171901_172200	HELPU_005631	4.55650752235095	1.0741098779213	28.580725353253	3.10056244662938e-05	0.015626376356885
jcf7180000367543_216801_216900	HELPU_005680	2.66544131742373	2.08425924779429	16.2621009653761	0.000649936488669028	0.0479269628398857
jcf7180000347163_187001_187400	HELPU_005753	2.09511490907792	2.1827457689783	22.1483038295319	0.000134641948667965	0.025542184814314
jcf7180000392461_40001_40200	HELPU_005812	1.63140409198245	2.7553836501456	17.2549523378672	0.000488441661808439	0.0429521844030272
jcf7180000417542_17501_17600	HELPU_005845	5.37389372206056	-0.132376633688064	17.1859325987474	0.00054657187118143	0.0449735539634828
jcf7180000417542_100801_100900	HELPU_005853	5.05220856674974	0.594443025633254	21.8102683227937	0.000146661508911621	0.0263919787374538
jcf7180000396624_86201_86400	HELPU_005864	-2.67262834020513	0.812291156581384	19.6130830638838	0.00025739686331398	0.0330607225867414
jcf7180000347047_140701_141400	HELPU_005898	2.18320592399675	2.81577199415837	26.1345468440085	5.27639795807984e-05	0.0184817396981847
jcf7180000347213_131301_131900	HELPU_005958	2.02327819873247	2.14755218513054	20.9391591459723	0.000182175624333816	0.0287485091344046
jcf7180000417404_88201_88900	HELPU_005967	-1.52936357743652	4.05796559003246	15.9449913885872	0.000712316323778976	0.0497262070853134
jcf7180000350009_67701_68300	HELPU_006175	3.11249802017829	1.2205647952038	17.1842432750958	0.000499179121600317	0.043405700747606
jcf7180000348116_97501_97700	HELPU_006202	5.76187240018127	0.118233624028908	17.4590577902498	0.000508081777845942	0.0438242531735405
jcf7180000420545_94401_94700	HELPU_006294	2.1114598042	2.94355322278711	32.524701067367	1.38296396583603e-05	0.010942492260843
jcf7180000413240_87601_87800	HELPU_006308	2.12532393366671	2.95975833562172	18.4449592351221	0.000351953708019276	0.0376997175493033
jcf7180000349065_39301_39500	HELPU_006319	4.04454385801807	1.03300773758363	19.4369406202146	0.00026965835290715	0.0336399969721848
jcf7180000348021_20301_20500	HELPU_006347	-4.92809101674333	0.354319379921817	18.5254520761568	0.000344333909235	0.0373247804791832
jcf7180000417434_101201_102700	HELPU_006385	2.39139435116885	2.6609571889179	24.830581676354	7.11173866352088e-05	0.0205553532737401
jcf7180000417423_127401_127600	HELPU_006470	3.53079239802774	-0.0676645632906233	26.0676296208149	5.35017885530495e-05	0.0185801017635993
jcf7180000347763_151401_151700	HELPU_006518	2.75063362308929	1.59681363022102	21.2056677860053	0.000170663186601684	0.0278992752587993
jcf7180000351937_39701_39800	HELPU_006537	-3.73083194126678	0.891167636750014	20.8780341814651	0.000185456735721148	0.0290113688926277
jcf7180000392942_141101_142000	HELPU_006560	-4.04387280238864	2.17658020094704	20.7042394471881	0.000193873960185182	0.0294468474726319
jcf7180000352209_34101_34300	HELPU_006566	-2.90204756612851	2.50896525344171	18.4136214436053	0.000354970447843158	0.0377770508443202
jcf7180000393637_78801_79200	HELPU_006593	-3.33119967930697	0.324437194570501	20.9492123126014	0.000182126458405009	0.0287485091344046
jcf7180000413279_9001_9300	HELPU_006621	3.72714383934961	0.50534902892594	20.4777496503782	0.000205183853909976	0.0300768657747557
jcf7180000417262_196501_196600	HELPU_006676	-4.56968288354513	0.578349712803408	19.1938317822002	0.000287652881891038	0.0345747175834681
jcf7180000414334_25101_25500	HELPU_006737	-1.53376572334641	3.2776022848847	21.8413327501127	0.00014518348449457	0.026384039374112
jcf7180000417254_98801_98900	HELPU_006776	3.57646353760792	0.699742788632495	16.7240121725295	0.000568937882124482	0.0457236730536669
jcf7180000347174_138501_138600	HELPU_006875	2.20284336614727	0.666162661558155	17.4302440844543	0.000464956015889574	0.0422524033706503
jcf7180000348762_99801_99900	HELPU_006886	2.60395881340648	1.23905466489609	17.5804249591243	0.000446648597450662	0.0416853104666018
jcf7180000392982_27001_27200	HELPU_006909	3.21335902715789	0.667613523087407	21.2292950522631	0.000169647782840666	0.0278622164539584
jcf7180000349563_89101_89500	HELPU_006961	-2.69003586353772	1.16120674146888	23.0430997553191	0.000108438923092276	0.0238006401720701
jcf7180000353465_75001_75100	HELPU_006984	11.6755902298585	3.10970191067004	16.3459204346664	0.000692307995203285	0.0493819902953442
jcf7180000347595_8801_9000	HELPU_006999	2.73515589562788	5.89542551394265	16.1176720877269	0.000677815942582824	0.0488660425336447
jcf7180000418691_58601_58900	HELPU_007082	-2.61236775857719	1.90790489689033	20.3941816587564	0.000209957051803305	0.0303171426433299
jcf7180000348863_32201_32400	HELPU_007115	2.13371055133354	2.84034083151817	23.9973737178043	8.62553632510097e-05	0.0218644511442328
jcf7180000352253_22201_22400	HELPU_007122	2.1125586930199	1.98306827123462	18.0504400268017	0.000392029189553374	0.0393493883828505
jcf7180000420440_199901_200500	HELPU_007136	3.95974255074408	2.21500150647629	77.8508878082117	2.42924607560202e-08	0.000869752082120575
jcf7180000350534_103101_103300	HELPU_007251	-3.54790167325987	-0.067619412633312	17.562257214826	0.000448539000180205	0.0417936500340324
jcf7180000420498_130001_130100	HELPU_007283	4.09834727923787	1.91531588995901	15.9806368723481	0.000705493904643348	0.0496872863655434
jcf7180000350331_100101_100300	HELPU_007292	3.41158296115824	0.65452387015531	16.4983822426552	0.000607017246909378	0.0468137127034229
jcf7180000420489_74701_74800	HELPU_007330	5.93949860909497	-0.38865942915329	18.4908566414108	0.000384060797121496	0.0389595249280173
jcf7180000348494_153701_153800	HELPU_007341	5.61767942864159	0.677125026522542	16.8305556280935	0.000551879981635275	0.0451509075977855
jcf7180000399903_134801_135000	HELPU_007402	7.96481773016652	1.24056947512265	16.7122030334745	0.00062457047798532	0.0473519174449415
jcf7180000413582_59201_59800	HELPU_007551	3.27573959632681	2.25628289101952	46.370941789571	1.26183845711016e-06	0.00404678370918854
jcf7180000348756_21301_21600	HELPU_007667	-2.52888176839661	2.91120757098134	30.4276904228844	2.11086583977236e-05	0.0130386508534516
jcf7180000350347_137401_138000	HELPU_007777	-3.00656120623314	3.36554543939607	16.1902859630094	0.000663637451472876	0.0482933011236216
jcf7180000350347_142801_143100	HELPU_007778	-1.51246553263013	1.97973131163402	16.4264505935682	0.000618691633675965	0.0472492563276784
jcf7180000392706_60101_60200	HELPU_007920	-3.99903983116659	0.799321918918387	24.6351791608647	7.4408706940918e-05	0.0208947673558493
jcf7180000348421_42701_43100	HELPU_008017	2.33669783032539	3.6393995052891	33.7627096856589	1.08843348914523e-05	0.00962212157393212
jcf7180000349984_49101_49600	HELPU_008157	-1.88568984843662	3.35353415303291	15.9559992368437	0.000710601353332097	0.0497262070853134
jcf7180000350310_229301_229600	HELPU_008186	-2.67197907325764	2.6914624894047	26.0515013347725	5.38544259964324e-05	0.0186521906588635
jcf7180000417494_120501_120600	HELPU_008240	-3.51695340577601	3.19644541179535	18.4949138756297	0.000347203141837429	0.0375276808705922
jcf7180000351359_19701_20200	HELPU_008249	2.02947498836089	2.78703059085065	16.4026867605494	0.000624010685553074	0.0473519174449415
jcf7180000349360_75301_75500	HELPU_008358	7.18541558059113	-0.0580406651394903	21.5480058615374	0.000176971593136277	0.0283657719866546
jcf7180000392694_143601_143800	HELPU_008366	1.58605154989609	2.08328145090628	21.6618815326068	0.000151824677683857	0.0267775165978782
jcf7180000417213_99401_99800	HELPU_008427	3.98293300003799	5.4179869715159	17.4369562340194	0.00046493141479722	0.0422524033706503
jcf7180000417213_115001_115100	HELPU_008429	7.41080604514475	0.62102592228642	25.2238053867344	8.79660603865231e-05	0.0220370772719597
jcf7180000355154_79701_79900	HELPU_008447	-4.65183614313353	1.37235215063282	20.9572184810133	0.000181756011646108	0.0287440330354107
jcf7180000413692_57801_58200	HELPU_008488	-2.65056265838609	3.28578795891156	24.8720742891746	7.04393438628835e-05	0.0205074224755371
jcf7180000416167_9301_9600	HELPU_008493	2.58883515314701	1.21278691398811	17.4171911594894	0.000467514277789259	0.0423092297138528
jcf7180000352237_75601_75700	HELPU_008520	4.22129767724718	2.06058188997235	17.6540163299682	0.00043757964454309	0.0413960793287321
jcf7180000348873_73301_73500	HELPU_008611	3.01515677238065	0.962154555087421	22.3944960318314	0.000126646378049252	0.0249986279982326
jcf7180000420523_163601_163800	HELPU_008646	1.28982605509092	3.27935283596305	18.7704889000303	0.000321591098720836	0.0364388259409038
jcf7180000351356_70701_71400	HELPU_008650	2.8214398437252	2.8965205848796	19.9639707245339	0.000234762769941521	0.031763059001436
jcf7180000347963_28901_29200	HELPU_008709	1.80203920197742	1.41167901675186	21.5240302179319	0.000157153902564558	0.0269862834831286
jcf7180000421883_16201_16400	HELPU_008735	-3.26876965185022	1.6442279727935	27.5519765162977	3.86680598870333e-05	0.0165111885938041
jcf7180000421883_26701_27000	HELPU_008736	4.25972979778042	0.653023764984636	17.4360487115216	0.000465049662477919	0.0422524033706503
jcf7180000347243_183801_184000	HELPU_008770	4.18871307499427	0.400861198876783	21.2021249847166	0.000219005557519325	0.0306743788868399
jcf7180000347243_218501_218700	HELPU_008771	4.20759381766435	0.408891154422218	21.415954974222	0.000208126917923883	0.0303026062600675
jcf7180000348663_76501_76600	HELPU_008799	3.72328141702979	4.19151117389105	23.3932666952403	9.96935347768083e-05	0.0230027985962231
jcf7180000347494_10301_10500	HELPU_008816	3.13963078514877	0.0872312612689887	20.830065469324	0.000187505480222495	0.0290935168925724
jcf7180000352671_78001_78100	HELPU_008864	2.49967653719759	1.88504976800849	21.2344492981562	0.000169427160625265	0.0278520527453111
jcf7180000350306_83701_84500	HELPU_008976	5.1787576960987	2.62873338799161	16.6972451244118	0.000573314320588611	0.0459069922620189
jcf7180000353956_11001_11100	HELPU_009028	-9.21602711286962	0.791207576954599	19.4831197769225	0.000377922106076597	0.0386743238513395
jcf7180000417356_90001_90100	HELPU_009079	7.10285642171538	1.33826175848532	22.3521605167794	0.000128285358010457	0.0250302385823305
jcf7180000392864_17201_17300	HELPU_009089	-1.92059450841339	0.479831578484988	16.0584539017337	0.000688490715477466	0.0492439457788217
jcf7180000349484_10601_10700	HELPU_009313	4.01474613629708	1.68923397258073	37.6885788927844	5.3036213877208e-06	0.00730336713086877
jcf7180000355696_65201_65300	HELPU_009364	4.26340400018169	1.21833446648099	21.9687298913809	0.000141004262762884	0.0261576606025808
jcf7180000351960_6901_7200	HELPU_009378	-3.29950087490282	1.11519053294425	17.0394428143312	0.00052005162865467	0.0442094853477243
jcf7180000392636_18101_18400	HELPU_009416	2.26033072174214	2.72161436110968	17.343035471586	0.00047734696947673	0.0426200313049599
jcf7180000351047_66401_66600	HELPU_009440	-5.07447137231277	2.82703985733721	26.8987693116962	4.460550284485e-05	0.0177447505046414
jcf7180000348658_71201_71500	HELPU_009550	-2.67665798495142	1.86024411834105	16.5273360114646	0.00060197689123407	0.0466637171922871
jcf7180000351597_61301_62300	HELPU_009565	1.95275053825236	3.90301966730234	22.0490101068397	0.000138011283025333	0.0259126537715365
jcf7180000352592_92101_92200	HELPU_009586	4.93282159514527	1.80215738491196	19.8509788046977	0.000241802162024554	0.0323185570985566
jcf7180000413315_23401_24200	HELPU_009589	-1.91929034124552	2.17216459406129	16.0257944936227	0.000696237555986231	0.0494712571093652
jcf7180000355796_26001_26100	HELPU_009615	-6.2923192379275	1.1855935749951	22.7793286283981	0.000175795180994333	0.0282879136554291
jcf7180000356396_34201_35100	HELPU_009625	2.12628423658267	3.72885693631998	20.3307479309458	0.000213425613504246	0.0304724010613541
jcf7180000347887_106901_107100	HELPU_009727	2.87544363066933	0.354310651274966	24.1193096941718	8.37072092565477e-05	0.0216632568977886
jcf7180000349936_97401_97700	HELPU_009788	2.42281955201623	2.95083189547612	45.6464421117102	1.40776437150507e-06	0.00407294672360688
jcf7180000347728_88101_88400	HELPU_009876	-3.81254856645204	0.903558690627111	18.4646557078231	0.000350072108362087	0.0375824976693507
jcf7180000363734_27801_28100	HELPU_009909	2.72975421268876	2.9977295682332	26.0795395659785	5.35165468163595e-05	0.0185801017635993
jcf7180000421177_74901_75100	HELPU_009966	7.57318283571176	0.304936226549645	17.8447904216841	0.000457522467439895	0.0420022584152709
jcf7180000347479_36101_36300	HELPU_009997	4.64585045580735	1.22969722861259	24.7997323137854	8.27144743109609e-05	0.0216360278470692
jcf7180000348355_21801_22200	HELPU_010070	-1.70876884550389	2.41718345551205	16.9426949731049	0.000534041717422675	0.0447655741867792
jcf7180000347862_73901_74100	HELPU_010106	2.30666532365645	1.97998646002079	17.4344068218661	0.000465263680557459	0.0422524033706503
jcf7180000422079_9701_10000	HELPU_010303	3.14425651573996	1.42109404062138	24.9870938116331	6.85967342036296e-05	0.02035425401412
jcf7180000353458_21401_21600	HELPU_010346	2.72113668907047	1.66734719424821	31.268294631569	1.77420385586258e-05	0.0122462536176534
jcf7180000392573_124501_124700	HELPU_010383	1.34791415945585	1.99376795994136	16.3348951857537	0.000635295646983166	0.0475603309666616
jcf7180000361240_40701_40900	HELPU_010403	4.77898806496955	3.86169146362796	93.1959623625735	5.58110308866108e-09	0.000418591569407793
jcf7180000381482_34201_34800	HELPU_010426	2.51230231292517	3.25176959186386	17.4132126030369	0.000468036101058549	0.0423163435346897
jcf7180000348976_47001_47200	HELPU_010442	-4.10325218733695	3.85781650680644	17.6849431266935	0.000433829237919964	0.0411745208516346
jcf7180000420468_61701_62100	HELPU_010472	1.30126433796546	4.85678225615693	16.1279470497257	0.000674670195496921	0.0487373922031769
jcf7180000361099_11901_12300	HELPU_010478	2.4909728309357	1.10887899728675	16.606411995756	0.000588445056926397	0.0462785701044089
jcf7180000394543_72601_72800	HELPU_010488	1.77221441217102	1.0685595333305	18.0331765439718	0.000393211950720804	0.0393496581606941
jcf7180000393081_49701_50000	HELPU_010495	1.67398369438635	2.47797820739669	19.4639281396423	0.000267178415133573	0.0335057407668406
jcf7180000413693_67101_67400	HELPU_010509	-2.31712273382653	-0.0295302761392185	17.9503148171778	0.000402304573204684	0.0395982446698618
jcf7180000347769_24901_25200	HELPU_010587	4.05651155192517	0.174490157616533	22.9092155043378	0.000112003389331709	0.024084680777863
jcf7180000348496_47401_47600	HELPU_010620	4.56270269408279	0.586627081139826	16.2737910742386	0.000647735946004271	0.0478661155330664
jcf7180000348496_55101_55300	HELPU_010621	-4.36056314246425	5.50925408226028	21.3090619915164	0.00016626862802511	0.027592018724999
jcf7180000358048_60601_60700	HELPU_010718	2.57462733766192	2.11506493054954	16.8752276421849	0.000544896569925833	0.04493809096108
jcf7180000349236_33501_33700	HELPU_010735	-2.42065006290512	0.538141876295304	18.5480533682986	0.0003422272423146	0.0372286829982696
jcf7180000362274_29701_29900	HELPU_010745	2.70096999688183	-0.107813300810162	17.6253239421069	0.000440274244552098	0.0415102396820734
jcf7180000392651_117601_117700	HELPU_010826	-4.38436345464453	0.519772756694035	19.3283602829992	0.000277537047143582	0.0341030046341461
jcf7180000348272_20201_20400	HELPU_010884	1.81227165576962	1.26202002465342	17.773455557541	0.000422498143814815	0.0405953961215853
jcf7180000352207_104301_104500	HELPU_010919	-2.66257716157988	1.63886443124971	46.1615610257989	1.29977326448279e-06	0.00404678370918854
jcf7180000392563_175001_175300	HELPU_010949	-2.98126219565492	0.223265420686515	24.1504072522162	8.30977770133159e-05	0.0216360278470692
jcf7180000349192_29101_29800	HELPU_010964	-2.2801779070504	2.53592649036677	18.4092434398826	0.000355394164491136	0.0377996599898636
jcf7180000353663_10201_10500	HELPU_010974	4.82394231452415	0.227980229530585	16.0149818065132	0.000698441646375132	0.0494712571093652
jcf7180000347757_23901_24100	HELPU_010981	-2.35311286181024	1.19907891022582	26.1983345386247	5.19563780603697e-05	0.0184817396981847
jcf7180000353943_10701_10800	HELPU_011014	3.60861901911863	0.421753823217525	17.9371289715617	0.000404538453205056	0.0396994701780408
jcf7180000350817_21501_21600	HELPU_011035	-3.88625775717114	1.96659721730163	22.4332527394246	0.000125760720001284	0.0249454748946038
jcf7180000392935_30201_30400	HELPU_011040	1.90350446498161	4.00376031376805	17.1787094471572	0.000499959587061	0.0434349846685873
jcf7180000347416_8701_9000	HELPU_011081	1.72146689213631	1.52066031061585	16.9955881349645	0.00052563007877519	0.0443556983393561
jcf7180000347416_66801_67000	HELPU_011083	4.59968581178627	-0.121503895627611	17.4113608496182	0.000468279194345387	0.0423249620696643
jcf7180000350535_94901_95100	HELPU_011167	-5.62599046453111	3.70862407940606	23.0496077319666	0.000108268873764975	0.0237815404186199
jcf7180000417329_45101_45200	HELPU_011206	-8.1300356736471	1.1327600180255	20.1164985362358	0.000284982409246036	0.0344772990431464
jcf7180000416155_96701_96900	HELPU_011369	-2.3025635042745	1.66732762539774	18.67077582533	0.000331033730914469	0.0367263725851591
jcf7180000359957_24501_25200	HELPU_011417	-1.64217224786389	2.64562427439629	26.123159346425	5.28391215882274e-05	0.0184817396981847
jcf7180000347978_20101_20200	HELPU_011489	-2.31730680779013	1.19530293424611	24.953486728535	6.89358207285023e-05	0.02035425401412
jcf7180000355820_34901_35300	HELPU_011536	-2.29628519238954	0.377094338542061	20.4808861172699	0.000204859368067124	0.0300552347002107
jcf7180000357143_55601_56100	HELPU_011570	2.39410284546392	3.14536549863848	23.951499487626	8.73155500240132e-05	0.0219574460462933
jcf7180000357143_55601_56100	HELPU_011571	2.39410284546392	3.14536549863848	23.951499487626	8.73155500240132e-05	0.0219574460462933
jcf7180000417426_111401_112400	HELPU_011584	2.38615847090527	1.0802742800303	18.5642532673001	0.000340726001109075	0.0371595066543421
jcf7180000347823_31801_31900	HELPU_011601	7.19773777223636	-0.0505007829615015	29.6411543538172	8.56754045100636e-05	0.0218325169818541
jcf7180000349870_7201_7300	HELPU_011738	5.77832667415728	1.10783422854	37.7265216037993	1.40411566632913e-05	0.0110373298961058
jcf7180000394843_98401_98500	HELPU_011781	1.8494781192744	1.37818694171843	23.274776205538	0.000102297235411148	0.0232673453364335
jcf7180000413576_36901_37100	HELPU_011857	3.10187550867222	2.62404675340797	17.837204448018	0.000415874916264919	0.0402229798632842
jcf7180000366752_1801_2100	HELPU_011861	2.02947728870211	2.55064934076635	16.257102945141	0.0006508798333562	0.0479343356948996
jcf7180000417409_93901_94100	HELPU_011908	3.96530683803946	0.974869805751066	19.2671003835209	0.000282093955364733	0.0343242673548235
jcf7180000370388_23701_24300	HELPU_011933	-2.82282997719962	2.80569200426511	38.8336492962221	4.3367218849003e-06	0.00657224465252031
jcf7180000347608_17301_17500	HELPU_011935	2.18736534265229	1.49478617731092	20.5439482394855	0.000201717549692339	0.0299519712834255
jcf7180000347608_31801_32000	HELPU_011936	-2.67493144306168	2.06017230142088	20.8589295492057	0.000186361994034309	0.0290471915329759
jcf7180000421693_43201_43400	HELPU_012003	1.5927610564718	3.60229916552152	19.5594127638119	0.000260516983097934	0.033216157790366
jcf7180000364165_17901_18300	HELPU_012025	-4.35744045025054	1.34241426586671	16.2899566875381	0.000644706482249939	0.0477778379279181
jcf7180000351896_4601_4900	HELPU_012052	2.48299963948275	3.26645696285945	18.5305739691751	0.000343855246378841	0.0373247804791832
jcf7180000413326_17201_17400	HELPU_012109	2.76210686555101	2.11243394147216	19.1815821846829	0.000288594004249395	0.0346349838108271
jcf7180000362868_33301_33500	HELPU_012152	2.69094250374171	2.49627268467323	19.8191991629781	0.000243823754911314	0.0324524659144902
jcf7180000413484_5001_5100	HELPU_012169	-6.2923192379275	1.1855935749951	22.7793286283981	0.000175795180994333	0.0282879136554291
jcf7180000351308_43501_43900	HELPU_012196	2.38797398426493	1.09019528746026	26.2012679600783	5.19222633408177e-05	0.0184817396981847
jcf7180000351308_89601_89700	HELPU_012197	3.30879408465094	1.22468540006991	16.2440198833307	0.00065335634716727	0.04800895291177
jcf7180000351308_89601_89700	HELPU_012198	3.30879408465094	1.22468540006991	16.2440198833307	0.00065335634716727	0.04800895291177
jcf7180000422586_27601_27700	HELPU_012361	1.56328019846925	2.96736002070708	21.8004659454182	0.000146667240504553	0.0263919787374538
jcf7180000393462_13501_13900	HELPU_012434	2.16255400818853	1.80640449455897	25.8331061670062	5.64032684200303e-05	0.0189749972433428
jcf7180000359043_10701_10900	HELPU_012447	3.02179576868652	3.53651292383289	21.3963099013104	0.00016265731031344	0.0273053008172146
jcf7180000353791_30901_31700	HELPU_012485	2.94630365056125	4.75982287969442	19.4869296951982	0.000266114319980974	0.0334909449989992
jcf7180000347606_14601_14800	HELPU_012490	-4.06846739894919	5.60751607910079	33.8245252540223	1.07986899688737e-05	0.00960570301774714
jcf7180000417729_45301_45500	HELPU_012510	-2.63436461027453	1.90468056767442	29.5854661860044	2.51071622489125e-05	0.0141841600817934
jcf7180000421143_147101_147800	HELPU_012514	-2.80056382782915	1.92013965409751	16.1758281225367	0.000666434140870239	0.048447901438335
jcf7180000421148_34201_34400	HELPU_012553	-4.67662838661993	1.15463105920966	18.5490568698793	0.000422907900523498	0.0406211405845889
jcf7180000353788_9101_9300	HELPU_012627	-2.8118601893895	1.95932562548441	24.6186339809842	7.46950063480106e-05	0.0209341160305691
jcf7180000359030_16201_16700	HELPU_012711	-2.15343269761411	2.23879233855667	28.1342266582512	3.40050879809647e-05	0.0160558955554916
jcf7180000347455_59401_60000	HELPU_012733	2.16300986086913	2.12828372708851	20.681676753673	0.000194820236781579	0.0294468474726319
jcf7180000349015_32501_32600	HELPU_012736	6.45039549552335	-0.360567917248327	16.6402328554482	0.000637276995858844	0.0475718889999638
jcf7180000347969_61601_62000	HELPU_012754	2.67554197124719	1.96346208544727	21.8636526635695	0.000144728154349395	0.026384039374112
jcf7180000394251_33201_33400	HELPU_012805	-2.09107141215561	1.97311501352998	25.4766897546629	6.11503417474427e-05	0.0193755210148542
jcf7180000415733_32801_33000	HELPU_012846	3.09755077596806	0.743789693258799	16.0155973133011	0.000698315972950098	0.0494712571093652
jcf7180000347742_118201_118600	HELPU_012860	1.98932810597609	2.01344013708669	16.8888776163112	0.000542160538194648	0.0449178248046439
jcf7180000393510_37601_37900	HELPU_012875	2.5510529455782	1.83019476336991	21.8491858195191	0.000145222154530718	0.026384039374112
jcf7180000365159_12901_13200	HELPU_012933	-4.27848014155564	3.16037172494594	26.1739251251619	5.23961911405701e-05	0.0184817396981847
jcf7180000347227_6201_6500	HELPU_012991	-4.67529088321997	0.594238977141144	17.1137688676286	0.000509219883436124	0.0438242531735405
jcf7180000357167_24101_24200	HELPU_013023	7.68766955929875	-0.148641086728426	18.7660271500904	0.000450776727016355	0.0418194774008666
jcf7180000349661_48201_48500	HELPU_013225	-2.82273273737673	1.038697873311	30.7086380469188	1.98650096070282e-05	0.0129022111263317
jcf7180000347926_34801_35100	HELPU_013286	-2.73870445685078	0.994015482891369	21.4749566733556	0.000159476027539339	0.027121739370166
jcf7180000422571_54701_55000	HELPU_013361	3.31508172785219	1.35808400409349	17.2393354317055	0.000491482113695663	0.0430369145152882
jcf7180000366078_23701_23800	HELPU_013439	3.76792106775282	0.484726010679438	26.4095011887996	4.97110033035424e-05	0.0180692557655124
jcf7180000413433_19201_19900	HELPU_013466	2.14608086285263	2.01477951385093	20.8611013998824	0.00018605791334776	0.0290261492083109
jcf7180000421175_109201_109600	HELPU_013470	3.6485720959181	2.65416646282949	19.1593459909213	0.000290311078204698	0.03477747017856
jcf7180000420758_31501_31600	HELPU_013563	-4.06705020832733	5.60650534874238	33.3940389887219	1.17270178351817e-05	0.00990836146748547
jcf7180000417185_167701_168100	HELPU_013606	-2.59959026477313	1.70475201062811	26.2722316955765	5.12566998017114e-05	0.0183287175456989
jcf7180000368534_40701_40900	HELPU_013617	-1.63812852344612	0.940544525279697	18.8432785689062	0.000568354996316758	0.0456896481981532
jcf7180000353921_61201_61300	HELPU_013721	-3.55410002122176	0.583043246463089	16.5930873281355	0.000590701503135799	0.0463110212836035
jcf7180000392693_24701_24900	HELPU_013733	3.40535876728444	0.767787493292631	18.5608887156744	0.000341037194449193	0.0371595066543421
jcf7180000349930_74901_75200	HELPU_013799	-1.65388873898561	4.31935475584144	21.0487676120394	0.000177170329906486	0.0283657719866546
jcf7180000414534_4101_4200	HELPU_013845	-4.41332842128777	0.339121630792646	17.7773017054542	0.000465950142115407	0.0422528233649772
jcf7180000362388_13501_13600	HELPU_013904	6.31783393155963	1.9905765493188	23.3810471240874	9.99852815980955e-05	0.0230027985962231
jcf7180000380997_10001_10200	HELPU_013926	2.71438411302219	1.18566671522816	38.3908138613574	4.66472352086432e-06	0.00694211632960604
jcf7180000413978_59601_59800	HELPU_013978	2.77138729073588	1.87630810880975	22.8869529190608	0.00011260852676514	0.0241047049650233
jcf7180000374255_6601_6800	HELPU_013981	2.18827000958114	1.87004550846493	19.0868870253626	0.000295862660567176	0.0349600058903772
jcf7180000355176_74801_75200	HELPU_014015	-2.37170214507969	2.42178305268436	20.9381702270929	0.000182638744396419	0.028774844687147
jcf7180000362321_24001_24100	HELPU_014050	-3.76248231542179	0.00708351861138081	16.869825326115	0.000545735884444559	0.044944567539352
jcf7180000347596_11301_11500	HELPU_014086	2.99449206909252	2.17700488341772	22.353364333239	0.000128247473583908	0.0250302385823305
jcf7180000362272_16001_16200	HELPU_014101	-3.77012376984228	0.122242474370861	20.6193873083134	0.000198135884822598	0.0297283745846423
jcf7180000348559_3501_3600	HELPU_014123	-4.37169664904608	2.25955730794043	16.1668365373314	0.000668180015705751	0.0485009623311077
jcf7180000354560_49201_49600	HELPU_014176	3.07830883998396	1.53780543800696	35.2588216620049	8.22661825604585e-06	0.00859236246874321
jcf7180000348173_23901_24000	HELPU_014179	3.28348974356117	0.285715603047085	16.6812904919213	0.000577256903426146	0.0460306133289646
jcf7180000355406_57201_57300	HELPU_014211	5.2408619552494	1.0533968891399	35.9674735307813	2.42076120101414e-05	0.0139511341755106
jcf7180000421573_9101_9500	HELPU_014258	-2.10215221596296	1.37159258318718	17.9785060458198	0.000399944441602548	0.0394608634429531
jcf7180000368689_32601_32800	HELPU_014321	-2.84765559988909	-0.00872767151899025	23.9011736970943	9.08433592192053e-05	0.0221598202613931
jcf7180000375369_19801_20100	HELPU_014337	-3.79883885077717	0.148316797515278	22.044000330524	0.000138401673721547	0.02593125617508
jcf7180000347929_58901_59600	HELPU_014341	-1.64859254897228	3.07497863673197	21.4106411696559	0.00016169220286884	0.0272417351179658
jcf7180000374903_5501_5700	HELPU_014399	3.78574817571078	0.666142000668305	21.7672293851855	0.000148240937232847	0.0265269021062477
jcf7180000348133_58201_58800	HELPU_014489	-2.9376098687892	3.12793367903554	27.1404691292915	4.22988645517023e-05	0.0173776268024292
jcf7180000359918_75301_75500	HELPU_014534	-5.84728995022927	1.12578867911423	36.0816783486291	7.08449490677257e-06	0.00821534665045404
jcf7180000351889_31101_31300	HELPU_014611	1.98245097768213	3.11981599212714	17.9311894351024	0.000405202675188489	0.0396994701780408
jcf7180000351418_24801_25700	HELPU_014630	-3.33911615637492	2.60840178586463	19.256877735139	0.000282862388798782	0.0343593831367552
jcf7180000363609_24001_24200	HELPU_014655	-6.62456205420074	0.0992585987065496	18.3445522268166	0.000445855308717159	0.0416853104666018
jcf7180000353466_85201_85600	HELPU_014677	5.11477198702693	2.45150259117924	42.0667239517395	2.50909249005078e-06	0.00533144684350682
jcf7180000413722_49401_49700	HELPU_014749	-2.4743876348909	1.007576090942	18.6413947437227	0.000333676309949955	0.0367785845247326
jcf7180000355787_46601_48000	HELPU_014899	2.1903652265458	3.32450376138261	18.0774315126167	0.000389192610646773	0.0392367671967491
jcf7180000352968_10301_10500	HELPU_014921	1.98245097768213	3.11981599212714	17.9311894351024	0.000405202675188489	0.0396994701780408
jcf7180000352968_30701_31000	HELPU_014923	-3.33412112562501	-0.0844419793436788	16.0414927416869	0.000693051241322569	0.0493819902953442
jcf7180000414400_7501_8000	HELPU_014954	3.0967681433277	3.39590259088013	22.3649140845976	0.000127884626011967	0.0250302385823305
jcf7180000355103_22401_22700	HELPU_015022	4.43379620931022	1.28037733201819	18.666049920302	0.000331457222872396	0.0367263725851591
jcf7180000347907_47401_47700	HELPU_015027	-2.36612423351717	0.844204906655463	22.978654673593	0.000109858062196278	0.0239469674130086
jcf7180000353213_29601_30100	HELPU_015055	4.45820814047383	0.833348699751	25.0694590897997	6.73098923965495e-05	0.0202996392483235
jcf7180000422052_14801_15000	HELPU_015127	4.69531446609177	0.533085645314087	24.0463366467004	8.53861161141702e-05	0.0218170286175142
jcf7180000355200_27001_27100	HELPU_015306	-2.39596936086919	0.466114215259051	19.1841961522513	0.000288006083792201	0.0346026504036698
jcf7180000413275_28401_28500	HELPU_015314	5.25367961529212	1.0235978710278	35.2823558343083	3.57301750490602e-05	0.0163182146772186
jcf7180000353934_20801_21300	HELPU_015330	-1.60425804235537	1.29200244828795	16.6958162887613	0.000572556499277077	0.0459069922620189
jcf7180000418163_54101_54200	HELPU_015343	3.62954403338747	1.02464243880585	17.7214547192875	0.000429447182763484	0.0409880933746739
jcf7180000348209_23901_24000	HELPU_015389	4.56111225504775	-0.0553711702297275	22.4380225765345	0.000163794892396029	0.0274310895075136
jcf7180000392716_32701_32900	HELPU_015460	2.96045716572408	2.27013237809554	17.1224804720481	0.000507966712338322	0.0438242531735405
jcf7180000392699_56301_56400	HELPU_015512	6.70433984745335	0.052361695200431	17.642403635393	0.000483316504610463	0.0427979001803412
jcf7180000355127_35501_36300	HELPU_015513	1.49972758806905	2.96302741947446	17.7439891353402	0.00042597007062117	0.0408194477811341
jcf7180000355127_35501_36300	HELPU_015514	1.49972758806905	2.96302741947446	17.7439891353402	0.00042597007062117	0.0408194477811341
jcf7180000417607_36001_36400	HELPU_015542	3.38832803394468	1.53817746240488	18.8972514095073	0.000311422338892924	0.0359133428562014
jcf7180000360127_19401_19600	HELPU_015586	2.31974897447897	0.689685865140537	18.5131711373136	0.000344804676751559	0.0373247804791832
jcf7180000362488_7401_7500	HELPU_015668	5.42507913531201	0.775893517527929	21.5939961087901	0.000267085939995354	0.0335057407668406
jcf7180000351285_40701_40900	HELPU_015735	-4.19051507341598	1.81137638117474	18.3610668385947	0.000360093893406042	0.0379891762823619
jcf7180000358941_65701_65800	HELPU_015836	4.44425698380458	1.37057948067761	18.6058088864058	0.000336908175054968	0.0369545538013909
jcf7180000413291_9701_9800	HELPU_015847	3.3508062596793	3.63059823501262	31.1443916359852	1.82548522335696e-05	0.012400305141019
jcf7180000354483_12801_13000	HELPU_015943	-2.72600702370473	1.41068424633369	16.8956631447961	0.000541734539356693	0.0449133209747091
jcf7180000349289_12701_13000	HELPU_015952	2.3886410032725	1.41133974281007	43.6657410291197	1.9251358853313e-06	0.00479487735850251
jcf7180000354135_5901_6200	HELPU_016040	5.41243352703975	1.52546588137173	24.5844561283461	7.52902751832133e-05	0.0209574029639477
jcf7180000377604_29301_29900	HELPU_016044	3.74321823050725	1.1935412519054	20.2903855779491	0.000215665509125435	0.0305025765313548
jcf7180000353098_32601_32700	HELPU_016060	6.30718325488914	0.815545238838981	32.6277867708205	7.07399888370005e-05	0.0205287160918091
jcf7180000380492_23601_23800	HELPU_016075	-3.16659684068467	0.206340450993064	18.3873152800881	0.000357524855819434	0.0378723904845038
jcf7180000347257_103501_103800	HELPU_016234	-2.05539074661474	1.83829404237975	22.8315293478945	0.00011394234519143	0.0241891045523087
jcf7180000375442_62001_63100	HELPU_016285	-3.96866264177433	3.16785653040072	18.1356243354382	0.000383017138568528	0.0389037388009062
jcf7180000413331_20501_20600	HELPU_016303	-4.37169664904608	2.25955730794043	16.1668365373314	0.000668180015705751	0.0485009623311077
jcf7180000350154_41101_41200	HELPU_016325	3.58457311877812	0.821479197815367	23.8733543937358	8.89415251556277e-05	0.0220947564837389
jcf7180000353709_9701_9800	HELPU_016336	2.79156227101917	0.991775854397462	22.6379944001039	0.000119554052820476	0.0245835626282117
jcf7180000418390_26801_27200	HELPU_016433	-6.7288806412219	1.95762584488092	16.6456445574699	0.000581856364943346	0.0461133066433897
jcf7180000364469_10101_10400	HELPU_016450	4.0792381657926	0.182339145522926	23.0358342657585	0.000108629113648507	0.0238241279747328
jcf7180000392580_79701_80000	HELPU_016458	2.95768403803834	2.83651429393719	24.7931653230582	7.17349891719258e-05	0.0206476069829033
jcf7180000362424_9301_9400	HELPU_016488	4.33154290736546	1.38776831166024	29.9922615651366	2.3080453583257e-05	0.0136693463428234
jcf7180000358478_26101_27200	HELPU_016520	2.38947374498396	4.27793517165592	40.0652101531543	3.49198463171249e-06	0.00609877245187508
jcf7180000358478_28301_28900	HELPU_016521	3.81915743722343	3.79634018281076	57.7652604630699	2.52038818614315e-07	0.00200529785275673
jcf7180000362261_27101_27200	HELPU_016561	2.63113661236772	0.999864931645248	19.7469079307314	0.000248492208310809	0.032754624644927
jcf7180000349507_62801_63500	HELPU_016569	-1.14759724862639	2.73547742586826	17.4194828244134	0.000466361325037216	0.0422528233649772
jcf7180000352971_67301_67700	HELPU_016575	1.3429412962863	3.66370538034033	16.0546899050005	0.000689248161413536	0.049280899433149
jcf7180000413607_77301_77800	HELPU_016622	-2.47310017409019	2.0092606324625	25.7855667158939	5.71786146873743e-05	0.0190188678891543
jcf7180000352274_14801_15000	HELPU_016631	3.12276078272645	1.2127402968033	17.8748990868902	0.000411557771434848	0.0400382845858848
jcf7180000417411_12401_12600	HELPU_016634	-4.63026709216922	0.509980430547953	26.7393934088384	4.62021674311841e-05	0.0178754526032636
jcf7180000366805_10201_10400	HELPU_016700	2.96761968196533	2.0237044738053	30.5216648405807	2.06496079918262e-05	0.0129623126280858
jcf7180000355110_41401_41600	HELPU_016708	2.27487341210653	3.02033812217281	21.5249297755704	0.000157490281052025	0.0269986468803416
jcf7180000349716_6601_6800	HELPU_016740	2.78021414548028	0.554982801827473	17.6305827472943	0.000440280099830459	0.0415102396820734
jcf7180000347730_70401_70700	HELPU_016885	2.07424103841096	1.34998403158979	18.2801767373864	0.000367426622125084	0.0382416079561851
jcf7180000350302_7901_8200	HELPU_016890	1.91398406581003	2.17410211418068	18.2851746476236	0.000366924510599274	0.0382148865734942
jcf7180000354476_27801_28100	HELPU_016895	-3.46401198435631	0.32752793580884	16.8144781337842	0.000554417455204408	0.0452344333923333
jcf7180000414477_17301_17400	HELPU_017130	-3.29052986692427	1.09628633708847	19.440340966231	0.000269415638068371	0.0336399969721848
jcf7180000349573_34101_34600	HELPU_017141	-2.8419008227364	3.27922512868012	27.8108744653697	3.65604523945648e-05	0.0164394045494788
jcf7180000374823_31701_31800	HELPU_017196	6.61024412696034	0.231492469146487	24.6632783628035	8.52930588016108e-05	0.0218170286175142
jcf7180000355949_19101_19500	HELPU_017247	-3.0076567705436	-0.00490509239303837	22.044781493318	0.000138038923546462	0.0259126537715365
jcf7180000347891_10301_10500	HELPU_017259	3.26681095780024	1.23110957126983	21.3887879641447	0.00016296522226441	0.0273288288744309
jcf7180000356394_44201_44400	HELPU_017268	7.98300068162649	0.937969731926927	36.3172860316635	8.4249246834846e-06	0.00864919678249622
jcf7180000348981_7301_7500	HELPU_017294	3.74845568779783	0.597469652411546	18.6534950699411	0.000332585179274341	0.0367263725851591
jcf7180000358997_10501_10600	HELPU_017305	2.63503229613727	0.802383403909865	30.4001444305387	2.11537554262627e-05	0.0130386508534516
jcf7180000348069_73601_74000	HELPU_017350	-3.59552609566184	1.72221904915259	18.0211482181084	0.000395270141227706	0.0393496581606941
jcf7180000356616_9801_10300	HELPU_017405	4.99410459294915	2.47251736045693	47.1019949716329	1.13147055201285e-06	0.00391782520936225
jcf7180000383806_17201_17300	HELPU_017429	-3.55410167882648	0.578686291011937	17.0167074698442	0.000523415537691227	0.0443157972847429
jcf7180000416257_17001_17300	HELPU_017437	7.1779106710296	0.218586120303068	16.2167453637628	0.000718110053806643	0.049992936039291
jcf7180000352596_13701_14100	HELPU_017477	3.36945960508084	1.89698949702202	61.9403287907441	1.47124883930846e-07	0.00188922139629123
jcf7180000355199_26301_26400	HELPU_017628	4.67928578728223	-0.0192198133699668	19.0054779515551	0.000302506218204708	0.0353801341615843
jcf7180000361362_78801_79000	HELPU_017653	-2.79985797425138	1.57424867841792	17.2018405699707	0.000496706207043901	0.0432826494569405
jcf7180000418341_1101_1400	HELPU_017801	3.04232584792522	1.63633990663695	41.5717027977509	2.71005084208291e-06	0.00544023389415239
jcf7180000351609_1401_1500	HELPU_017828	5.78515122420738	1.10859096082995	37.9267197659556	1.36197090563322e-05	0.0108450923326422
jcf7180000361222_26901_27100	HELPU_017885	4.37360907033191	0.917831242965937	18.6733358451041	0.000330804574938859	0.0367263725851591
jcf7180000420544_110201_110400	HELPU_017920	2.21192817723958	1.4781174224662	17.5468078655461	0.000450860240877697	0.0418194774008666
jcf7180000350779_54301_54600	HELPU_017930	2.05808565915744	1.49489635782309	20.9853321713022	0.000180048362794048	0.0286050517319097
jcf7180000350804_29701_29800	HELPU_017981	-3.19901101046884	0.701623419491055	18.939208611961	0.000307931778746312	0.0356940411133023
jcf7180000357159_42101_42600	HELPU_017998	2.13317623515896	1.99859942631925	18.4149358357126	0.000354843345776257	0.0377770508443202
jcf7180000370380_28501_29300	HELPU_018000	-1.22490030327822	4.28707122766668	16.9896463820456	0.000526517872707447	0.0443947408672287
jcf7180000354622_45901_46300	HELPU_018016	3.81418954497651	0.950686750988772	32.2765963279709	1.45739433319573e-05	0.0111366267510096
jcf7180000394367_15701_15800	HELPU_018097	6.59899990306981	-0.286299701264805	24.4879104191712	0.00012094036575312	0.0247079787029735
jcf7180000347250_2001_2400	HELPU_018119	3.452165508979	0.759978218889773	24.6553176402214	7.40618593722837e-05	0.0208325586813936
jcf7180000353182_9901_10800	HELPU_018203	-3.0076339139261	2.66318090829995	20.1205202735335	0.000225380507554776	0.0311165498222666
jcf7180000347427_2901_3200	HELPU_018205	2.03165458156594	0.877385076022009	20.7104079255263	0.00019313161056673	0.0293932560147698
jcf7180000416671_12601_12800	HELPU_018213	2.26051580804494	1.01104976513233	27.3533057210389	4.0250750404781e-05	0.0169293710516743
jcf7180000355803_44601_45200	HELPU_018315	-2.94683544223995	1.88152251592218	20.3928053050952	0.000210031647729064	0.0303171426433299
jcf7180000355602_8501_8600	HELPU_018316	2.79156069764047	0.987896999260629	23.147334792444	0.000105635117152339	0.0235828134844841
jcf7180000418786_15601_15800	HELPU_018346	-3.57798569451671	1.33733909921655	23.9012633732762	8.83570196443601e-05	0.0220639637184573
jcf7180000416228_18301_18500	HELPU_018416	5.48563857306343	2.19025434893566	61.8267097252674	1.50245064447907e-07	0.00188922139629123
jcf7180000348703_46401_46700	HELPU_018420	-1.51755519217903	1.83869098956958	18.2847977048904	0.000366962353471947	0.0382148865734942
jcf7180000348584_7601_7800	HELPU_018461	3.01075316338685	0.651483198199222	18.5615491274373	0.000340976087063538	0.0371595066543421
jcf7180000348826_16701_16900	HELPU_018513	-2.5954018140157	0.70071199872853	18.0250774259633	0.000394630806415585	0.0393496581606941
jcf7180000358816_22701_22900	HELPU_018549	-4.6701480164946	1.80109238543442	17.1470456282265	0.000504451296421745	0.0437047581397381
jcf7180000417487_17201_17900	HELPU_018592	6.59146107483409	2.81034264839018	42.0047266761122	2.53485289954158e-06	0.00533144684350682
jcf7180000421989_15301_15800	HELPU_018599	-2.52208761647384	2.44710097948628	35.1518210557672	8.39595772840724e-06	0.00864919678249622
jcf7180000352645_15801_16100	HELPU_018605	3.1589622462141	1.3590050257163	22.2069405986727	0.000132947288041344	0.0254412253880323
jcf7180000358956_4801_5100	HELPU_018671	4.47054431998862	2.84699554730127	44.861785263066	1.59997929450687e-06	0.00436062888674009
jcf7180000421285_13601_14200	HELPU_018732	-4.52942299144422	0.572351306493709	19.6453026662197	0.000255221257480932	0.0329735043376143
jcf7180000348590_27501_27600	HELPU_018792	2.71930314165556	1.8228072091918	22.7733548319611	0.000115752979083435	0.0242516792845864
jcf7180000348904_39701_39900	HELPU_018844	4.12678707863125	1.60527975767171	16.8949783871977	0.000541840164724877	0.0449133209747091
jcf7180000414806_33001_33100	HELPU_018883	4.10188424516433	0.829039172488895	28.2410752203972	3.33326115576738e-05	0.0159835209865243
jcf7180000393374_24401_24600	HELPU_019021	-2.47726647416171	0.687216044543968	22.5594998717399	0.00012163436581095	0.0247967021324789
jcf7180000378990_4301_4400	HELPU_019086	2.84626975678815	0.66509453257397	20.7293859442705	0.000213967009451577	0.0304818672094741
jcf7180000354461_32101_32200	HELPU_019106	5.84395026468303	-0.289217179175112	19.1440868154589	0.000628571982530953	0.0474115913658755
jcf7180000358954_11301_11600	HELPU_019129	3.07738427628498	1.05263504349378	33.3535392707568	1.17733489094341e-05	0.00991825002377198
jcf7180000362940_7401_7800	HELPU_019291	1.94345030344518	1.66932353640154	17.1294118221237	0.000506380990755697	0.0437843627658118
jcf7180000352029_33601_33700	HELPU_019347	-2.82168971959178	2.0667366321077	15.9697709113427	0.000707741431990636	0.0497139599203388
jcf7180000371441_701_1700	HELPU_019378	4.5898160885272	4.93130936186715	18.7323329846746	0.000325571744368538	0.0365409631756455
jcf7180000371441_5701_6300	HELPU_019379	2.11465341351878	4.64939871756867	42.6075177207272	2.2849459588832e-06	0.00533144684350682
jcf7180000353770_3201_3300	HELPU_019421	3.30878533461449	1.23189893699906	16.6550513955549	0.000580288722998615	0.0460799440150608
jcf7180000394208_59401_59700	HELPU_019535	2.03812547893538	1.66301586746313	21.9299558777969	0.000142022362215587	0.0262276608702261
jcf7180000356482_20401_20600	HELPU_019572	2.46841944635063	1.81121927326402	18.0032422704264	0.000397225550330976	0.0393496581606941
jcf7180000368412_9401_9700	HELPU_019622	-3.63483146901323	1.93538783111341	29.0019043896427	2.83651734246957e-05	0.0151112538440763
jcf7180000413583_64501_64700	HELPU_019746	2.20601034482405	1.39574477707035	16.0111605973386	0.00069847383015663	0.0494712571093652
jcf7180000353898_22101_22200	HELPU_019755	2.28106371729444	1.15071576352205	16.3990965345989	0.000624658377613047	0.0473519174449415
jcf7180000347673_69801_70000	HELPU_019892	4.2011040185641	3.61744224136705	28.9690265424292	2.85621160908922e-05	0.0151780356689536
jcf7180000372115_19101_19300	HELPU_019924	-3.0857124658226	1.16709937098957	36.1043727318506	7.03979185993037e-06	0.00819669293928568
jcf7180000349316_1901_2200	HELPU_019944	3.83514440655588	3.89262217976328	22.3363321788725	0.000128784629353824	0.0250359803508024
jcf7180000354278_62001_62400	HELPU_020061	-2.59240782984442	2.46037929198148	21.0837821750856	0.000176008937712851	0.028306407637439
jcf7180000371191_7801_8100	HELPU_020072	1.87397466477702	1.20918084388418	16.1668777296366	0.000667061929174488	0.0484689368385069
jcf7180000359108_8501_8800	HELPU_020094	1.7675886665407	2.59687085823901	20.1856036432439	0.000221117781446721	0.0308345193702239
jcf7180000373838_1901_2200	HELPU_020138	4.59500500044425	0.397595333783098	20.1210682426868	0.000252270636807802	0.0328459058937884
jcf7180000418896_5701_6000	HELPU_020140	1.87397301167058	1.21274613268346	16.8177363315944	0.000552934875972659	0.0451954842610454
jcf7180000347280_24201_24500	HELPU_020203	3.64034035450008	2.4723770370599	23.4196754203418	9.90662166276766e-05	0.0229573132928928
jcf7180000365194_22901_23000	HELPU_020222	4.66024580029654	1.86701036534723	23.2505928344594	0.000103159270791487	0.0233096749174236
jcf7180000396666_16801_17100	HELPU_020243	2.55105279613866	1.82591473874512	22.1539546763959	0.00013463679527802	0.025542184814314
jcf7180000348672_3501_3900	HELPU_020266	2.46850045211449	0.441341739492823	17.5862824107038	0.000445095675870479	0.0416853104666018
jcf7180000352505_11301_11500	HELPU_020330	-2.52272099736384	0.201439392278007	28.6292523256608	3.05877878368232e-05	0.0156211603127871
jcf7180000373549_9001_9200	HELPU_020334	-2.57192423702883	0.00987211885600312	16.8733337971598	0.000544326098652493	0.04493809096108
jcf7180000361640_2001_2300	HELPU_020359	-2.25518691873069	0.347660731322399	20.5422047568663	0.000201651155226247	0.0299519712834255
jcf7180000368393_21501_21600	HELPU_020427	-1.6318292272406	1.219224696431	16.7781229628304	0.000559227536020553	0.0454405292084423
jcf7180000377623_1401_1900	HELPU_020432	-3.46406744582801	3.13611197640165	20.3890820153819	0.000210233589964459	0.0303205319600957
jcf7180000351909_36801_36900	HELPU_020444	3.59199049719983	0.392739692386419	17.9470463119369	0.000403432067994735	0.0396570627752191
jcf7180000356466_38301_38500	HELPU_020482	-4.89809842794077	-0.0907856878025016	19.3359994627125	0.000276974513775476	0.0340566747548249
jcf7180000382606_6501_6800	HELPU_020541	2.23958727088915	2.22199495349471	18.2299557518046	0.000373235070802318	0.0384977369292065
jcf7180000413592_62201_62500	HELPU_020569	-3.12384501024376	1.67065742463038	25.7212083321023	5.80166603015649e-05	0.0190349804813246
jcf7180000421892_3401_4000	HELPU_020612	-1.82513258640026	3.34724728480567	19.1033034525102	0.000294688888627543	0.0349256430841695
jcf7180000368459_29201_29400	HELPU_020631	2.58286129459717	3.79886551304609	17.408777756021	0.000468618528907396	0.0423359244901982
jcf7180000368459_29901_30300	HELPU_020632	1.33138830913438	2.89767845410135	16.3177902382907	0.000638451947954432	0.047609965138439
jcf7180000360665_2201_2900	HELPU_020636	4.92387835253662	2.13216763365837	52.7072518791597	4.99584978155612e-07	0.00280577699094466
jcf7180000351676_101801_102000	HELPU_020674	4.03297988796885	1.58494217909235	30.8736125945263	1.92798072795405e-05	0.0126933061754391
jcf7180000356442_13601_13700	HELPU_020819	6.43646048345159	1.67145732594562	18.0368849338712	0.000393560391328892	0.0393496581606941
jcf7180000359934_21801_22300	HELPU_020871	-2.9924497964095	3.69123626501891	22.9529186787673	0.00011082585625931	0.0240225816087143
jcf7180000369175_26201_27100	HELPU_020928	1.66604118526692	3.67364977160262	23.0527203417207	0.000107910831802094	0.0237575525138958
jcf7180000357244_12101_12500	HELPU_021029	3.97216584575643	3.3545657749074	34.6778195657431	9.18855081386378e-06	0.00892152218292394
jcf7180000363041_12401_13100	HELPU_021088	-1.88844623492677	2.88036386110905	31.5761362472638	1.66817378074428e-05	0.011826980482605
jcf7180000418579_27301_27600	HELPU_021127	4.48853098983142	2.26452138078313	16.0574009822318	0.000689838728617098	0.049310815453359
jcf7180000420493_15601_15700	HELPU_021296	2.28842424192725	0.939358398773386	16.9992373532594	0.000525169481504401	0.0443516221356554
jcf7180000393608_6101_6500	HELPU_021383	-2.23176896541343	0.542714059381538	19.6106871512689	0.000257015619184757	0.0330545391256636
jcf7180000365803_7701_8000	HELPU_021417	3.51907004043528	1.23513572800879	16.4019449462309	0.000624144451197058	0.0473519174449415
jcf7180000373936_7201_7400	HELPU_021499	-5.43202824761516	0.0735180784288407	23.5366238343293	0.000210104243479176	0.0303171426433299
jcf7180000359917_13201_13700	HELPU_021507	-2.35691432353433	1.39667193864343	23.2650418232231	0.000102802312250105	0.0232953780782126
jcf7180000372809_12001_12100	HELPU_021800	-3.0255803875998	0.688486359714237	17.5847843291154	0.000446105631960548	0.0416853104666018
jcf7180000352068_13101_13300	HELPU_021808	2.8044566790408	0.53473276650851	16.6791164049657	0.000576299495957376	0.0460055004817679
jcf7180000416393_10201_10800	HELPU_021822	-1.33585847759349	2.33091254899426	18.9710140956693	0.000304695379755359	0.0355201398197755
jcf7180000352756_62101_62300	HELPU_021893	-3.55080816326822	1.1270571044999	22.998637847857	0.000109608591649654	0.0239107845243225
jcf7180000378366_7801_7900	HELPU_021945	4.87213432515096	0.257577608426903	17.1589398348408	0.000609605834334344	0.0468765010007916
jcf7180000414655_2201_3000	HELPU_022024	-1.73432096290876	2.22534799456506	17.580599785948	0.000446196104044443	0.0416853104666018
jcf7180000366033_9101_9500	HELPU_022041	1.88633697485104	3.33508229336986	16.4318979621807	0.00061876834406366	0.0472492563276784
jcf7180000378412_3801_4000	HELPU_022079	2.08396704742831	2.37532291724748	18.910086632668	0.000310349920640569	0.0358582479706802
jcf7180000362308_30401_30700	HELPU_022112	2.18814787532815	1.8566265627638	18.0361076520141	0.000393270644492081	0.0393496581606941
jcf7180000347289_16601_16900	HELPU_022172	2.7656188611533	1.83642802004874	34.8354242701924	8.88525018366279e-06	0.00880614378669889
jcf7180000362052_2401_2500	HELPU_022223	3.3925531493629	0.706069738503479	17.4857014246877	0.000458628560333624	0.042028358196481
jcf7180000349105_12001_12400	HELPU_022300	1.88222264881536	3.32971843620189	16.1067640089287	0.000679974602339687	0.0489618664440695
jcf7180000375046_9001_9100	HELPU_022346	-4.73527167859428	0.659831390938781	20.6598514438693	0.000285230432213562	0.0344772990431464
jcf7180000417850_26701_26800	HELPU_022429	5.29988004568564	1.88768360444449	16.3604179858707	0.000631683439930004	0.0474635867389379
jcf7180000367275_37201_37500	HELPU_022482	1.42695768279899	3.80157413536146	20.3949569061336	0.000209450327019284	0.0303171426433299
jcf7180000361056_25201_25400	HELPU_022486	7.66516957595385	1.00531287967817	19.188380834917	0.000320472476474415	0.0363532554531237
jcf7180000367918_13601_13800	HELPU_022499	-2.71906650095117	0.9426756375174	26.5672712815267	4.78532296080437e-05	0.0180348118380831
jcf7180000359590_9601_9700	HELPU_022615	3.90556446420001	0.351835308975065	16.0033965458897	0.000700811777761927	0.0495755532400631
jcf7180000414823_20501_20900	HELPU_022746	2.14151362311349	2.0926424736301	17.3083876648349	0.000482019181582197	0.0427601831306431
jcf7180000357245_35501_35800	HELPU_022780	3.73324367465623	2.72347111543443	19.6841220095758	0.0002526269115954	0.0328459058937884
jcf7180000367153_18001_18200	HELPU_022811	2.69742186421302	0.413760433920608	19.8522851320705	0.000241719459418641	0.0323185570985566
jcf7180000372659_5501_6400	HELPU_022843	-2.757100514916	2.24316057169264	18.7197213429355	0.000326682627774234	0.0365907196840639
jcf7180000372776_1001_1300	HELPU_022991	-2.06821410210052	0.186216520672229	17.4088813842255	0.00046775034958553	0.0423096412584161
jcf7180000370533_10201_10600	HELPU_023065	-2.76683970016618	0.976631171745694	23.9175972640964	8.8016899241768e-05	0.0220370772719597
jcf7180000353354_87701_88300	HELPU_023075	3.57293354199872	3.24721281448716	39.1558725075946	4.1009119034465e-06	0.00648956847385895
jcf7180000417384_26701_26800	HELPU_023123	-2.87542754546786	0.58567788064895	17.7006576801136	0.00043193718433155	0.0411144575888184
jcf7180000361098_37501_37600	HELPU_023175	-3.0283190583156	2.18431871916412	21.4331117449987	0.000161160038317285	0.0272417351179658
jcf7180000358083_30201_30500	HELPU_023194	-2.29556132925525	1.15203082113011	21.7038280760537	0.000150265066353804	0.0266501375606942
jcf7180000371211_7401_7600	HELPU_023203	2.58773826377432	1.16563422175087	31.6292351141177	1.65060043652545e-05	0.01178912752467
jcf7180000360037_11701_11800	HELPU_023381	-5.61082948114698	1.08858786569036	37.1130322521399	5.87742220748153e-06	0.00754911394897898
jcf7180000393636_35201_35500	HELPU_023423	-2.29446485370883	3.37349508445479	17.0069644255502	0.000524864461390386	0.0443516221356554
jcf7180000364617_15301_16200	HELPU_023463	-2.45860224226514	0.767217016754933	24.9716468474369	6.87494889817202e-05	0.02035425401412
jcf7180000369669_13601_14100	HELPU_023558	2.5288480931796	1.42450737767552	16.4877872358439	0.000608873290157409	0.0468685164955432
jcf7180000365490_9901_10000	HELPU_023789	3.59552025656957	1.01698466015935	19.2415131051959	0.000284021691220386	0.0344417785568084
jcf7180000356609_31001_31100	HELPU_023803	-2.27937228056235	0.967441157385827	16.8366747170011	0.000550917591645118	0.0450979345590558
jcf7180000364393_3701_3900	HELPU_023856	-4.13247562512113	0.989347797470912	20.699383122171	0.000247166307363179	0.0326998170527082
